time,root_position,neck,shoulder_l,shoulder_r,elbow_l,elbow_r,hip_l,hip_r,knee_l,knee_r,is_pattern
0,"(0, 0, 0)","(0, 0.990202, 0.139641)","(-0.99736, -0.070715, 0.016495)","(0.997355, -0.070714, 0.016828)","(-0.997727, -0.064344, 0.020019)","(0.997735, -0.064343, 0.019616)","(0.022694, -0.999177, 0.033621)","(-0.022692, -0.999177, 0.033623)","(-0.001631, -0.994963, -0.100233)","(0.001628, -0.994963, -0.100233)",
0.071795,"(-0.012844, -0.145018, -0.012817)","(-0.226238, 0.942611, 0.245563)","(-0.509884, -0.822288, -0.252707)","(0.560838, -0.764209, 0.318507)","(0.404496, 0.090981, 0.910003)","(0.059005, 0.488792, 0.870403)","(0.114513, -0.878306, 0.464183)","(-0.025177, -0.826386, 0.562541)","(-0.267658, -0.755092, -0.598495)","(0.280678, -0.802243, -0.526903)",
0.088341,"(-0.037573, -0.130753, -0.012461)","(-0.221937, 0.943263, 0.24698)","(-0.452499, -0.710973, -0.538295)","(0.393385, -0.800248, 0.452606)","(-0.001352, -0.209342, 0.977842)","(-0.054331, 0.594118, 0.802541)","(0.12713, -0.890077, 0.437722)","(-0.005568, -0.825104, 0.564954)","(-0.212742, -0.791711, -0.572655)","(0.276744, -0.797348, -0.53633)",
0.10512,"(-0.045613, -0.122922, -0.012274)","(-0.219524, 0.943887, 0.246751)","(-0.42399, -0.68533, -0.592078)","(0.347032, -0.803825, 0.483151)","(-0.117263, -0.306613, 0.944583)","(-0.108561, 0.598682, 0.793596)","(0.125123, -0.897447, 0.423005)","(-0.001195, -0.825849, 0.56389)","(-0.190407, -0.807562, -0.558202)","(0.265803, -0.799494, -0.538664)",
0.137424,"(-0.062239, -0.104131, -0.011832)","(-0.212916, 0.945822, 0.245127)","(-0.372628, -0.64638, -0.665839)","(0.257777, -0.801746, 0.539216)","(-0.317873, -0.474203, 0.821029)","(-0.236937, 0.585123, 0.775559)","(0.114561, -0.916126, 0.384174)","(0.0089, -0.828301, 0.560213)","(-0.138501, -0.84309, -0.519631)","(0.236798, -0.809671, -0.536992)",
0.170799,"(-0.077566, -0.086014, -0.010987)","(-0.204718, 0.948426, 0.242031)","(-0.336168, -0.612664, -0.715286)","(0.174617, -0.785904, 0.593181)","(-0.462269, -0.567881, 0.681042)","(-0.364954, 0.562353, 0.742003)","(0.100965, -0.935381, 0.338923)","(0.019415, -0.829738, 0.557815)","(-0.087345, -0.875623, -0.475031)","(0.195665, -0.822679, -0.533774)",
0.20435,"(-0.092573, -0.070808, -0.009906)","(-0.194438, 0.95183, 0.237093)","(-0.305361, -0.565473, -0.766156)","(0.084543, -0.753228, 0.652304)","(-0.581847, -0.594961, 0.554504)","(-0.488173, 0.544322, 0.682203)","(0.087968, -0.952513, 0.291514)","(0.032652, -0.825056, 0.564107)","(-0.03814, -0.90274, -0.428493)","(0.140955, -0.836499, -0.52953)",
0.237898,"(-0.107579, -0.060823, -0.00846)","(-0.18139, 0.956248, 0.229539)","(-0.27427, -0.497508, -0.822959)","(-0.022526, -0.701386, 0.712426)","(-0.694338, -0.558821, 0.453446)","(-0.599287, 0.536202, 0.594426)","(0.079014, -0.965072, 0.249787)","(0.053264, -0.810571, 0.583214)","(0.007563, -0.921346, -0.388671)","(0.07259, -0.848484, -0.524219)",
0.270383,"(-0.120723, -0.058208, -0.006702)","(-0.166956, 0.961171, 0.219718)","(-0.251366, -0.426294, -0.868958)","(-0.132536, -0.634078, 0.761826)","(-0.788402, -0.478296, 0.386854)","(-0.682364, 0.538912, 0.493916)","(0.070796, -0.970545, 0.230283)","(0.083395, -0.792635, 0.603966)","(0.036508, -0.926923, -0.373473)","(0.006038, -0.853161, -0.521612)",
0.304046,"(-0.132368, -0.062219, -0.004479)","(-0.150831, 0.966651, 0.20697)","(-0.246991, -0.36255, -0.898639)","(-0.251279, -0.557669, 0.791116)","(-0.859952, -0.375453, 0.345713)","(-0.740499, 0.547683, 0.389492)","(0.051512, -0.969914, 0.237936)","(0.129868, -0.771696, 0.622591)","(0.056336, -0.920308, -0.387118)","(-0.067313, -0.850728, -0.521279)",
0.338863,"(-0.142351, -0.072373, -0.001748)","(-0.133306, 0.97252, 0.190877)","(-0.268273, -0.312062, -0.911398)","(-0.371422, -0.47213, 0.799462)","(-0.904158, -0.27188, 0.329514)","(-0.779385, 0.558158, 0.284639)","(0.015978, -0.964252, 0.264505)","(0.196329, -0.744523, 0.638075)","(0.08686, -0.902043, -0.422816)","(-0.157607, -0.841629, -0.516547)",
0.370512,"(-0.151349, -0.088866, 0.001906)","(-0.112631, 0.979237, 0.168549)","(-0.315902, -0.272608, -0.908785)","(-0.502397, -0.36992, 0.781509)","(-0.924991, -0.173904, 0.337861)","(-0.803817, 0.568526, 0.175091)","(-0.04721, -0.954744, 0.293659)","(0.287054, -0.71002, 0.643017)","(0.146535, -0.870973, -0.46897)","(-0.274286, -0.824311, -0.495257)",
0.404964,"(-0.15801, -0.106695, 0.005903)","(-0.091771, 0.985642, 0.14173)","(-0.371207, -0.244306, -0.895835)","(-0.61586, -0.26753, 0.741042)","(-0.928779, -0.08737, 0.360188)","(-0.817569, 0.568646, 0.090674)","(-0.128836, -0.944736, 0.301454)","(0.375051, -0.678637, 0.631497)","(0.226269, -0.836187, -0.499594)","(-0.383255, -0.802475, -0.457329)",
0.439008,"(-0.162947, -0.123226, 0.009896)","(-0.069527, 0.991774, 0.107477)","(-0.427877, -0.230037, -0.874073)","(-0.710832, -0.170689, 0.682336)","(-0.921613, -0.005351, 0.388073)","(-0.830317, 0.556556, 0.028622)","(-0.215037, -0.934682, 0.283069)","(0.450198, -0.65088, 0.611292)","(0.3102, -0.803961, -0.507369)","(-0.472988, -0.781533, -0.406804)",
0.471505,"(-0.166142, -0.135411, 0.0129)","(-0.045807, 0.996915, 0.063741)","(-0.483992, -0.23712, -0.842334)","(-0.783869, -0.096921, 0.613315)","(-0.904504, 0.067484, 0.421092)","(-0.846803, 0.531568, -0.018974)","(-0.284913, -0.925339, 0.250144)","(0.502539, -0.629056, 0.593079)","(0.374634, -0.781316, -0.499194)","(-0.536618, -0.766938, -0.35192)",
0.504367,"(-0.167483, -0.140986, 0.014203)","(-0.021919, 0.999652, 0.014679)","(-0.530591, -0.272486, -0.802636)","(-0.834126, -0.059071, 0.548402)","(-0.881435, 0.117602, 0.45743)","(-0.864291, 0.499505, -0.059132)","(-0.325985, -0.91842, 0.224139)","(0.528593, -0.614541, 0.585602)","(0.40265, -0.772022, -0.491788)","(-0.576006, -0.762388, -0.294926)",
0.539175,"(-0.167123, -0.139924, 0.013984)","(0.001948, 0.999627, -0.027247)","(-0.566132, -0.329716, -0.755502)","(-0.867538, -0.058449, 0.493924)","(-0.855025, 0.142647, 0.498582)","(-0.880225, 0.464041, -0.099351)","(-0.332705, -0.916541, 0.221948)","(0.52368, -0.628387, 0.575229)","(0.407808, -0.777041, -0.479478)","(-0.570201, -0.754864, -0.324117)",
0.570519,"(-0.165062, -0.13205, 0.012099)","(0.026209, 0.998505, -0.04796)","(-0.589183, -0.405106, -0.699108)","(-0.888209, -0.094241, 0.449671)","(-0.826925, 0.136534, 0.545485)","(-0.892472, 0.428107, -0.142195)","(-0.310257, -0.920281, 0.238378)","(0.494347, -0.659558, 0.56622)","(0.385314, -0.794489, -0.469384)","(-0.525691, -0.753818, -0.394218)",
0.604118,"(-0.161453, -0.118612, 0.008797)","(0.048997, 0.997855, -0.043422)","(-0.597837, -0.486515, -0.637099)","(-0.89791, -0.161747, 0.409384)","(-0.799387, 0.095126, 0.593238)","(-0.899037, 0.397153, -0.184398)","(-0.264941, -0.928342, 0.260743)","(0.445856, -0.695352, 0.563647)","(0.333999, -0.82096, -0.463108)","(-0.45219, -0.764021, -0.460213)",
0.639478,"(-0.156136, -0.10118, 0.004738)","(0.07139, 0.997363, -0.013052)","(-0.595948, -0.567055, -0.568591)","(-0.887797, -0.256471, 0.382151)","(-0.766665, 0.022466, 0.641655)","(-0.903465, 0.371237, -0.214323)","(-0.201431, -0.939188, 0.278123)","(0.378171, -0.736506, 0.560844)","(0.260369, -0.854299, -0.449867)","(-0.345404, -0.781705, -0.519262)",
0.671727,"(-0.149349, -0.083843, 0.000961)","(0.09208, 0.995183, 0.033637)","(-0.588731, -0.633419, -0.502172)","(-0.844058, -0.363948, 0.393837)","(-0.722024, -0.06809, 0.68851)","(-0.911957, 0.349649, -0.214663)","(-0.137984, -0.949925, 0.280364)","(0.304285, -0.778637, 0.548757)","(0.184249, -0.887066, -0.42328)","(-0.217432, -0.800394, -0.558652)",
0.705736,"(-0.140841, -0.069371, -0.002305)","(0.111609, 0.990313, 0.082611)","(-0.584695, -0.682285, -0.438883)","(-0.759588, -0.473636, 0.445753)","(-0.654713, -0.164275, 0.737811)","(-0.926861, 0.328056, -0.182505)","(-0.086843, -0.958506, 0.271523)","(0.23523, -0.819783, 0.522132)","(0.118276, -0.914199, -0.387623)","(-0.086143, -0.81564, -0.572111)",1
0.737322,"(-0.130315, -0.060297, -0.005035)","(0.130097, 0.983512, 0.125616)","(-0.591172, -0.712372, -0.378208)","(-0.629757, -0.571574, 0.526032)","(-0.556853, -0.250425, 0.791961)","(-0.946293, 0.299938, -0.120698)","(-0.054748, -0.962416, 0.266003)","(0.182741, -0.854686, 0.48592)","(0.068163, -0.931594, -0.357053)","(0.035311, -0.827642, -0.560144)",
0.772247,"(-0.118799, -0.058274, -0.007094)","(0.145782, 0.976604, 0.158087)","(-0.605929, -0.727023, -0.322935)","(-0.471264, -0.644192, 0.602435)","(-0.442773, -0.302197, 0.844173)","(-0.96288, 0.266652, -0.041949)","(-0.039308, -0.960084, 0.276937)","(0.150876, -0.876763, 0.456643)","(0.03778, -0.936925, -0.347483)","(0.120859, -0.832183, -0.541169)",
0.804287,"(-0.105409, -0.06318, -0.00877)","(0.160009, 0.969703, 0.184589)","(-0.622945, -0.735748, -0.265732)","(-0.280038, -0.700012, 0.656934)","(-0.31359, -0.310424, 0.897384)","(-0.971676, 0.230632, 0.051529)","(-0.025553, -0.950553, 0.309509)","(0.121122, -0.886388, 0.446817)","(0.013002, -0.931492, -0.36353)","(0.18153, -0.827907, -0.530676)",
0.837894,"(-0.091455, -0.074207, -0.009995)","(0.171517, 0.963758, 0.204333)","(-0.635498, -0.742871, -0.210438)","(-0.088334, -0.741881, 0.664687)","(-0.188494, -0.268495, 0.944659)","(-0.968784, 0.203841, 0.141092)","(-0.008832, -0.934978, 0.354595)","(0.088528, -0.887334, 0.452549)","(-0.016432, -0.916393, -0.399943)","(0.22425, -0.81563, -0.533348)",
0.871732,"(-0.075272, -0.091612, -0.010841)","(0.181759, 0.958195, 0.220966)","(-0.64079, -0.753926, -0.144859)","(0.124003, -0.768117, 0.628188)","(-0.056056, -0.169475, 0.983939)","(-0.953356, 0.182541, 0.240398)","(0.012052, -0.91228, 0.409391)","(0.049345, -0.882577, 0.467571)","(-0.062849, -0.891589, -0.448463)","(0.262913, -0.795818, -0.545482)",
0.904118,"(-0.059324, -0.109939, -0.011772)","(0.189201, 0.953934, 0.232835)","(-0.635632, -0.76962, -0.060478)","(0.295188, -0.78757, 0.540924)","(0.063806, -0.034994, 0.997349)","(-0.920631, 0.16999, 0.351484)","(0.03062, -0.888902, 0.457074)","(0.011628, -0.874529, 0.484835)","(-0.115279, -0.865015, -0.488324)","(0.293548, -0.776275, -0.557877)",
0.93797,"(-0.041272, -0.128056, -0.012206)","(0.195118, 0.950297, 0.242621)","(-0.609158, -0.7906, 0.062273)","(0.436994, -0.809308, 0.392501)","(0.180595, 0.139047, 0.973679)","(-0.851786, 0.163036, 0.497875)","(0.045021, -0.866918, 0.496414)","(-0.027333, -0.865947, 0.499389)","(-0.172939, -0.836723, -0.519603)","(0.318227, -0.759823, -0.566922)",
0.971714,"(-0.023265, -0.140443, -0.012463)","(0.198719, 0.947765, 0.249506)","(-0.553822, -0.81334, 0.178211)","(0.502897, -0.842701, 0.192223)","(0.267874, 0.31404, 0.910836)","(-0.738106, 0.155666, 0.656481)","(0.047658, -0.85281, 0.520043)","(-0.060933, -0.86017, 0.506354)","(-0.221876, -0.814442, -0.536148)","(0.32938, -0.753788, -0.568606)",
1.007584,"(-0.005758, -0.146129, -0.012602)","(0.200262, 0.946214, 0.254113)","(-0.471857, -0.831215, 0.293996)","(0.507662, -0.86148, -0.011471)","(0.322429, 0.464106, 0.825012)","(-0.587579, 0.124982, 0.799457)","(0.037322, -0.84744, 0.529577)","(-0.091535, -0.856086, 0.508664)","(-0.259563, -0.799047, -0.542358)","(0.322152, -0.756242, -0.569488)",
1.037069,"(0.012921, -0.145105, -0.012577)","(0.199886, 0.945468, 0.25717)","(-0.361962, -0.833858, 0.41673)","(0.468645, -0.853889, -0.226375)","(0.359541, 0.578787, 0.73194)","(-0.399196, 0.042255, 0.915891)","(0.014924, -0.8485, 0.528985)","(-0.120117, -0.855436, 0.503787)","(-0.284294, -0.790457, -0.542546)","(0.299983, -0.768374, -0.565343)",
1.070896,"(0.031165, -0.137107, -0.0124)","(0.197477, 0.945592, 0.258569)","(-0.259748, -0.817837, 0.513491)","(0.418661, -0.806761, -0.416965)","(0.406844, 0.628958, 0.662487)","(-0.200726, -0.100455, 0.974483)","(-0.008982, -0.85024, 0.526318)","(-0.140455, -0.861567, 0.487826)","(-0.27072, -0.789805, -0.550381)","(0.270813, -0.790289, -0.549639)",
1.105501,"(0.048725, -0.12299, -0.012057)","(0.193091, 0.946501, 0.258557)","(-0.166889, -0.797097, 0.580332)","(0.369788, -0.737617, -0.564958)","(0.465034, 0.63178, 0.620159)","(-0.002046, -0.279809, 0.960054)","(-0.036105, -0.853313, 0.520148)","(-0.150066, -0.874769, 0.460716)","(-0.225013, -0.798406, -0.558496)","(0.23911, -0.819161, -0.521347)",
1.137452,"(0.065405, -0.105187, -0.011555)","(0.186801, 0.948139, 0.257174)","(-0.084747, -0.774963, 0.626299)","(0.326997, -0.671294, -0.66516)","(0.53202, 0.605809, 0.591565)","(0.187282, -0.444055, 0.876208)","(-0.068462, -0.858169, 0.508781)","(-0.150246, -0.892825, 0.424605)","(-0.163435, -0.814527, -0.556628)","(0.203942, -0.851325, -0.483378)",
1.171409,"(0.081897, -0.086074, -0.010666)","(0.178148, 0.95063, 0.254098)","(-0.002807, -0.745961, 0.665984)","(0.291236, -0.611598, -0.735615)","(0.601463, 0.572875, 0.556827)","(0.370411, -0.554012, 0.745564)","(-0.104578, -0.862573, 0.495006)","(-0.144213, -0.913387, 0.380692)","(-0.092684, -0.833851, -0.544153)","(0.164127, -0.883949, -0.437832)",
1.204441,"(0.097138, -0.070613, -0.009738)","(0.16754, 0.953855, 0.24918)","(0.07738, -0.707558, 0.702406)","(0.266116, -0.554824, -0.78826)","(0.662418, 0.550265, 0.508341)","(0.530809, -0.587838, 0.610482)","(-0.137509, -0.861635, 0.488545)","(-0.135766, -0.930789, 0.33941)","(-0.018656, -0.850904, -0.52499)","(0.125152, -0.910099, -0.39504)",
1.236995,"(0.111197, -0.060927, -0.008292)","(0.15479, 0.957847, 0.242013)","(0.161383, -0.66056, 0.733223)","(0.250833, -0.494249, -0.832347)","(0.711473, 0.542588, 0.446547)","(0.669257, -0.556815, 0.491988)","(-0.165106, -0.855003, 0.49164)","(-0.128969, -0.94259, 0.308045)","(0.064278, -0.860838, -0.504803)","(0.089998, -0.927007, -0.364085)",
1.271033,"(0.123589, -0.058185, -0.006577)","(0.140438, 0.962401, 0.23251)","(0.240713, -0.600951, 0.762178)","(0.247794, -0.434489, -0.86592)","(0.748055, 0.547901, 0.374456)","(0.777249, -0.482722, 0.403565)","(-0.192299, -0.842552, 0.503117)","(-0.1241, -0.947254, 0.295481)","(0.135691, -0.859764, -0.492334)","(0.067507, -0.933073, -0.353295)",
1.304008,"(0.134556, -0.062015, -0.004385)","(0.124243, 0.967552, 0.220016)","(0.32489, -0.534753, 0.780055)","(0.259786, -0.378607, -0.888352)","(0.771371, 0.561331, 0.299825)","(0.854588, -0.387534, 0.345684)","(-0.230466, -0.82022, 0.523569)","(-0.115818, -0.945172, 0.305348)","(0.19743, -0.851517, -0.485737)","(0.055542, -0.928708, -0.36663)",
1.339035,"(0.144165, -0.072434, -0.001587)","(0.106034, 0.973293, 0.203614)","(0.411722, -0.456723, 0.788599)","(0.287261, -0.328694, -0.89969)","(0.785535, 0.576888, 0.22391)","(0.902587, -0.287436, 0.320495)","(-0.282217, -0.788091, 0.547052)","(-0.098866, -0.937009, 0.335022)","(0.26607, -0.837653, -0.477017)","(0.042523, -0.913056, -0.40561)",
1.372217,"(0.152204, -0.088215, 0.001884)","(0.086077, 0.979443, 0.182433)","(0.500057, -0.367686, 0.78406)","(0.328728, -0.289079, -0.899095)","(0.792498, 0.59059, 0.152156)","(0.925012, -0.194822, 0.326186)","(-0.343613, -0.749419, 0.565952)","(-0.065301, -0.924968, 0.374393)","(0.342034, -0.819031, -0.460653)","(0.017771, -0.88705, -0.461331)",
1.40416,"(0.158552, -0.106399, 0.005921)","(0.064712, 0.985728, 0.155414)","(0.583657, -0.276292, 0.763549)","(0.380717, -0.257774, -0.888036)","(0.795879, 0.600125, 0.08017)","(0.931464, -0.10463, 0.348464)","(-0.407368, -0.708174, 0.576664)","(-0.010767, -0.912275, 0.409436)","(0.415486, -0.799505, -0.433777)","(-0.027261, -0.854779, -0.518276)",
1.438773,"(0.163262, -0.123341, 0.009978)","(0.041854, 0.991825, 0.120546)","(0.659087, -0.195079, 0.726326)","(0.437927, -0.240357, -0.866284)","(0.797882, 0.602801, 0.00405)","(0.926178, -0.017556, 0.376679)","(-0.464936, -0.668551, 0.580409)","(0.058086, -0.902118, 0.427562)","(0.477289, -0.784012, -0.396888)","(-0.087851, -0.822262, -0.562288)",
1.470421,"(0.166164, -0.135082, 0.012854)","(0.019037, 0.996713, 0.078745)","(0.720699, -0.140191, 0.678925)","(0.491835, -0.246496, -0.835068)","(0.802407, 0.592712, -0.069544)","(0.912303, 0.052493, 0.406139)","(-0.50629, -0.636691, 0.581631)","(0.120893, -0.896023, 0.427233)","(0.518018, -0.776631, -0.358471)","(-0.141345, -0.798031, -0.585806)",
1.505162,"(0.167481, -0.14089, 0.014189)","(-0.00473, 0.999541, 0.029938)","(0.773164, -0.112845, 0.624087)","(0.543882, -0.274557, -0.792976)","(0.810235, 0.569722, -0.13761)","(0.891462, 0.106869, 0.440313)","(-0.532441, -0.610606, 0.586231)","(0.167034, -0.893809, 0.41618)","(0.542006, -0.779761, -0.313372)","(-0.171783, -0.783966, -0.596563)",
1.53951,"(0.167108, -0.140071, 0.014005)","(-0.028811, 0.999495, -0.013404)","(0.816653, -0.114908, 0.565574)","(0.588043, -0.324223, -0.741003)","(0.823778, 0.533663, -0.191292)","(0.867825, 0.136058, 0.477879)","(-0.527277, -0.619903, 0.58112)","(0.186749, -0.892118, 0.411401)","(0.531893, -0.774589, -0.342202)","(-0.191547, -0.787468, -0.585836)",1
1.572086,"(0.164843, -0.132234, 0.012099)","(-0.053373, 0.99793, -0.035866)","(0.850784, -0.142373, 0.505862)","(0.620669, -0.394952, -0.677335)","(0.845834, 0.485225, -0.221633)","(0.845119, 0.130532, 0.518398)","(-0.49489, -0.655469, 0.570477)","(0.183753, -0.893618, 0.409489)","(0.489781, -0.76856, -0.41162)","(-0.193897, -0.805936, -0.559349)",
1.604282,"(0.160748, -0.118651, 0.008747)","(-0.076417, 0.996535, -0.032836)","(0.877634, -0.194146, 0.438254)","(0.641752, -0.469661, -0.606279)","(0.875408, 0.427967, -0.224734)","(0.82473, 0.090691, 0.558207)","(-0.447038, -0.696176, 0.56169)","(0.16357, -0.90042, 0.403098)","(0.42175, -0.773226, -0.473548)","(-0.171587, -0.832915, -0.526128)",
1.637311,"(0.154729, -0.101174, 0.004633)","(-0.098793, 0.995095, -0.005082)","(0.887417, -0.255396, 0.383749)","(0.653572, -0.543288, -0.526955)","(0.910601, 0.360831, -0.201509)","(0.80351, 0.021845, 0.594891)","(-0.38573, -0.740502, 0.550336)","(0.131622, -0.911382, 0.389947)","(0.32598, -0.786675, -0.52429)","(-0.132578, -0.865067, -0.48382)",
1.670712,"(0.146841, -0.083418, 0.000734)","(-0.119867, 0.992012, 0.039304)","(0.872297, -0.32378, 0.36642)","(0.659846, -0.604415, -0.446415)","(0.944099, 0.290621, -0.155619)","(0.775395, -0.065055, 0.628116)","(-0.319466, -0.783696, 0.532693)","(0.098609, -0.923822, 0.369905)","(0.216464, -0.804645, -0.552892)","(-0.089276, -0.895887, -0.435221)",
1.705896,"(0.137156, -0.069013, -0.002541)","(-0.139296, 0.98661, 0.084834)","(0.83247, -0.391864, 0.39171)","(0.667878, -0.646011, -0.369607)","(0.970044, 0.225644, -0.089996)","(0.734111, -0.154798, 0.661149)","(-0.258819, -0.822223, 0.506914)","(0.072895, -0.934118, 0.349442)","(0.104623, -0.82134, -0.560762)","(-0.050532, -0.919723, -0.389302)",
1.73742,"(0.125987, -0.060438, -0.005153)","(-0.15665, 0.980004, 0.122689)","(0.770386, -0.45384, 0.447811)","(0.681673, -0.667625, -0.299332)","(0.984779, 0.173226, -0.014289)","(0.680168, -0.230196, 0.695976)","(-0.212385, -0.855406, 0.472412)","(0.057995, -0.939173, 0.338513)","(-0.000192, -0.831091, -0.556137)","(-0.01934, -0.933372, -0.35839)",
1.772074,"(0.112882, -0.05825, -0.007167)","(-0.172688, 0.972878, 0.153905)","(0.679125, -0.516593, 0.521461)","(0.701125, -0.674194, -0.232134)","(0.988244, 0.139406, 0.062772)","(0.61542, -0.281576, 0.736189)","(-0.175946, -0.881052, 0.439079)","(0.050762, -0.937352, 0.344667)","(-0.080228, -0.832143, -0.548727)","(0.005303, -0.937936, -0.346769)",
1.804083,"(0.09813, -0.063337, -0.009057)","(-0.186937, 0.965962, 0.178809)","(0.552568, -0.585711, 0.592969)","(0.722796, -0.669923, -0.169612)","(0.982807, 0.135806, 0.125091)","(0.546554, -0.295829, 0.783431)","(-0.137521, -0.89317, 0.428178)","(0.041541, -0.926934, 0.372917)","(-0.131071, -0.825562, -0.548879)","(0.030396, -0.933898, -0.356245)",
1.837567,"(0.082804, -0.074926, -0.010061)","(-0.198684, 0.959919, 0.197686)","(0.395341, -0.658754, 0.640116)","(0.743509, -0.658778, -0.114919)","(0.972549, 0.164908, 0.164177)","(0.480394, -0.268499, 0.834943)","(-0.094677, -0.897031, 0.431707)","(0.025052, -0.909742, 0.414419)","(-0.172924, -0.810646, -0.55942)","(0.063296, -0.920471, -0.385651)",
1.871521,"(0.0672, -0.091298, -0.011262)","(-0.2081, 0.954851, 0.212022)","(0.215456, -0.731498, 0.646908)","(0.762506, -0.643682, -0.065254)","(0.956821, 0.216671, 0.193769)","(0.416484, -0.206822, 0.885306)","(-0.050013, -0.895114, 0.443023)","(0.003173, -0.887805, 0.460208)","(-0.211833, -0.790289, -0.574952)","(0.105672, -0.89949, -0.42397)",
1.904433,"(0.050878, -0.110124, -0.01189)","(-0.215726, 0.950553, 0.223408)","(0.0176, -0.79969, 0.600156)","(0.774158, -0.632964, -0.006093)","(0.927902, 0.275433, 0.251266)","(0.341892, -0.107865, 0.933528)","(-0.005021, -0.890099, 0.455741)","(-0.021984, -0.864798, 0.501638)","(-0.248519, -0.768127, -0.590101)","(0.1535, -0.872992, -0.46295)",
1.937626,"(0.034403, -0.127463, -0.012378)","(-0.22135, 0.947175, 0.232086)","(-0.177127, -0.860895, 0.476955)","(0.767512, -0.637496, 0.067265)","(0.874803, 0.32384, 0.360343)","(0.259405, 0.024345, 0.965462)","(0.034961, -0.88458, 0.465076)","(-0.042655, -0.845148, 0.532828)","(-0.277764, -0.750723, -0.599385)","(0.196992, -0.846376, -0.494816)",
1.971607,"(0.017655, -0.140305, -0.012685)","(-0.225051, 0.944675, 0.238624)","(-0.35213, -0.898776, 0.261164)","(0.730151, -0.669579, 0.136173)","(0.778011, 0.327956, 0.535858)","(0.178647, 0.190394, 0.965316)","(0.067992, -0.880975, 0.468252)","(-0.051554, -0.831768, 0.552724)","(-0.293952, -0.742851, -0.601469)","(0.231931, -0.824136, -0.516728)",
2.004223,"(0.001871, -0.145651, -0.012844)","(-0.226503, 0.94322, 0.242967)","(-0.469203, -0.883081, -0.004094)","(0.656826, -0.720638, 0.22195)","(0.620299, 0.241345, 0.746312)","(0.111668, 0.357308, 0.927287)","(0.094608, -0.878489, 0.468302)","(-0.042928, -0.826514, 0.561277)","(-0.287678, -0.744946, -0.601911)","(0.259691, -0.809862, -0.526007)",
2.038349,"(-0.013556, -0.144874, -0.01281)","(-0.226192, 0.942598, 0.245656)","(-0.510169, -0.818583, -0.263912)","(0.555755, -0.765978, 0.323132)","(0.392726, 0.0828, 0.915921)","(0.05667, 0.49425, 0.867471)","(0.115313, -0.878386, 0.463834)","(-0.024257, -0.826436, 0.562508)","(-0.266489, -0.75577, -0.59816)","(0.281492, -0.801989, -0.526855)",
2.071143,"(-0.029442, -0.137191, -0.012617)","(-0.223903, 0.942821, 0.246891)","(-0.480458, -0.743307, -0.465462)","(0.446134, -0.793052, 0.414769)","(0.127973, -0.109588, 0.985705)","(-0.010231, 0.575075, 0.818037)","(0.126153, -0.884358, 0.44944)","(-0.010418, -0.825455, 0.564372)","(-0.233426, -0.777366, -0.584136)","(0.283675, -0.797432, -0.53257)",
2.105404,"(-0.045482, -0.123059, -0.012277)","(-0.219568, 0.943875, 0.246758)","(-0.42445, -0.685705, -0.591312)","(0.347763, -0.80379, 0.482683)","(-0.115468, -0.305079, 0.945301)","(-0.107615, 0.598684, 0.793723)","(0.125176, -0.897315, 0.423269)","(-0.001266, -0.825833, 0.563914)","(-0.190786, -0.807293, -0.558461)","(0.266006, -0.799444, -0.538638)",
2.139056,"(-0.062136, -0.104256, -0.011837)","(-0.212965, 0.945807, 0.245142)","(-0.372904, -0.646579, -0.665491)","(0.258319, -0.8018, 0.538877)","(-0.316787, -0.473329, 0.821953)","(-0.236076, 0.585282, 0.775702)","(0.11465, -0.915996, 0.384457)","(0.008832, -0.828283, 0.560241)","(-0.138844, -0.842862, -0.51991)","(0.237011, -0.809588, -0.537023)",
2.171321,"(-0.077558, -0.086023, -0.010988)","(-0.204723, 0.948424, 0.242033)","(-0.336184, -0.612682, -0.715263)","(0.174661, -0.785917, 0.593151)","(-0.462203, -0.56785, 0.681113)","(-0.364886, 0.562365, 0.742027)","(0.100973, -0.93537, 0.33895)","(0.01941, -0.829738, 0.557815)","(-0.087372, -0.875607, -0.475057)","(0.195691, -0.822672, -0.533775)",
2.205441,"(-0.092696, -0.0707, -0.009897)","(-0.194343, 0.951862, 0.237043)","(-0.305109, -0.565004, -0.766603)","(0.08375, -0.752879, 0.652809)","(-0.582781, -0.594924, 0.553563)","(-0.48915, 0.544206, 0.681595)","(0.087871, -0.95264, 0.291128)","(0.032782, -0.824982, 0.564207)","(-0.037746, -0.902936, -0.428115)","(0.140449, -0.836611, -0.529486)",
2.237439,"(-0.107506, -0.060856, -0.008468)","(-0.181461, 0.956223, 0.229584)","(-0.274423, -0.497886, -0.82268)","(-0.021949, -0.701682, 0.712152)","(-0.693802, -0.559148, 0.453864)","(-0.598792, 0.536216, 0.594912)","(0.079048, -0.965024, 0.249959)","(0.053136, -0.810663, 0.583097)","(0.007357, -0.92128, -0.388829)","(0.072953, -0.848437, -0.524244)",
2.272475,"(-0.120939, -0.058221, -0.006667)","(-0.16669, 0.961262, 0.219523)","(-0.251077, -0.425073, -0.86964)","(-0.134589, -0.632885, 0.762458)","(-0.789871, -0.476611, 0.385935)","(-0.683566, 0.539008, 0.492146)","(0.070603, -0.970585, 0.230173)","(0.084031, -0.792303, 0.604313)","(0.036887, -0.926907, -0.373474)","(0.004873, -0.85318, -0.521593)",
2.30516,"(-0.132479, -0.062292, -0.004454)","(-0.150659, 0.966709, 0.206825)","(-0.247068, -0.361958, -0.898857)","(-0.252487, -0.556834, 0.791319)","(-0.860547, -0.374358, 0.345421)","(-0.741008, 0.547768, 0.388404)","(0.051234, -0.969878, 0.238144)","(0.130442, -0.771458, 0.622766)","(0.056542, -0.920176, -0.387402)","(-0.068129, -0.850668, -0.521269)",
2.338274,"(-0.142279, -0.072271, -0.001772)","(-0.133451, 0.972473, 0.191019)","(-0.268003, -0.312412, -0.911358)","(-0.370468, -0.472836, 0.799487)","(-0.903909, -0.272667, 0.329548)","(-0.779156, 0.558063, 0.285451)","(0.016333, -0.964313, 0.264262)","(0.195729, -0.744763, 0.63798)","(0.086538, -0.90223, -0.422484)","(-0.156823, -0.841728, -0.516625)",
2.372122,"(-0.151279, -0.088704, 0.001871)","(-0.112818, 0.979178, 0.168768)","(-0.315391, -0.272912, -0.908872)","(-0.501283, -0.370845, 0.781786)","(-0.924903, -0.174707, 0.337687)","(-0.803662, 0.568464, 0.176002)","(-0.046541, -0.954836, 0.293465)","(0.286216, -0.710327, 0.643052)","(0.145887, -0.871286, -0.468592)","(-0.273225, -0.824496, -0.495534)",
2.40503,"(-0.158069, -0.106878, 0.005945)","(-0.091552, 0.985707, 0.141424)","(-0.371784, -0.244072, -0.89566)","(-0.616934, -0.266485, 0.740526)","(-0.928756, -0.086506, 0.360456)","(-0.817689, 0.568591, 0.089941)","(-0.129738, -0.944632, 0.301393)","(0.37591, -0.678335, 0.631311)","(0.227156, -0.835829, -0.49979)","(-0.384298, -0.80224, -0.456865)",
2.438263,"(-0.162967, -0.123299, 0.009914)","(-0.069418, 0.991801, 0.10729)","(-0.428153, -0.230017, -0.873944)","(-0.711243, -0.170253, 0.682017)","(-0.921554, -0.004974, 0.388218)","(-0.830384, 0.55647, 0.028368)","(-0.215438, -0.934633, 0.282926)","(0.450517, -0.650755, 0.61119)","(0.310584, -0.803821, -0.507356)","(-0.473364, -0.781443, -0.406539)",
2.471638,"(-0.166168, -0.135515, 0.012925)","(-0.045528, 0.996962, 0.063192)","(-0.484559, -0.237438, -0.841918)","(-0.784578, -0.096257, 0.612513)","(-0.90428, 0.068147, 0.421465)","(-0.847, 0.531238, -0.019452)","(-0.285562, -0.925243, 0.249762)","(0.502982, -0.628855, 0.592918)","(0.375191, -0.781131, -0.499066)","(-0.537188, -0.766821, -0.351305)",
2.504402,"(-0.167483, -0.140986, 0.014203)","(-0.021912, 0.999652, 0.014669)","(-0.5306, -0.272496, -0.802627)","(-0.834134, -0.059067, 0.54839)","(-0.88143, 0.11761, 0.457438)","(-0.864295, 0.499497, -0.059139)","(-0.325991, -0.918419, 0.224136)","(0.528595, -0.614539, 0.585602)","(0.402653, -0.77202, -0.491788)","(-0.576012, -0.762387, -0.294917)",
2.538549,"(-0.167117, -0.139902, 0.013979)","(0.002067, 0.999622, -0.02742)","(-0.566266, -0.330074, -0.755244)","(-0.867672, -0.05854, 0.493678)","(-0.854893, 0.142685, 0.498797)","(-0.880298, 0.463857, -0.099558)","(-0.332653, -0.916546, 0.222003)","(0.523577, -0.628542, 0.575155)","(0.407786, -0.777103, -0.479397)","(-0.570035, -0.754817, -0.324518)",
2.57217,"(-0.165168, -0.132461, 0.012198)","(0.025321, 0.998542, -0.047672)","(-0.588657, -0.401991, -0.701346)","(-0.887613, -0.092165, 0.451275)","(-0.827954, 0.137461, 0.543688)","(-0.892101, 0.429426, -0.140532)","(-0.311543, -0.92005, 0.237592)","(0.495785, -0.658316, 0.566408)","(0.386742, -0.793649, -0.469629)","(-0.527843, -0.753618, -0.391716)",
2.604244,"(-0.161597, -0.119134, 0.008924)","(0.048255, 0.997868, -0.043947)","(-0.597743, -0.483796, -0.639254)","(-0.897779, -0.159013, 0.410741)","(-0.800359, 0.097019, 0.591618)","(-0.898903, 0.398087, -0.183032)","(-0.26678, -0.92802, 0.260016)","(0.447786, -0.694062, 0.563708)","(0.336107, -0.81995, -0.463374)","(-0.455142, -0.763558, -0.458067)",
2.638083,"(-0.156176, -0.101301, 0.004766)","(0.071247, 0.99737, -0.01333)","(-0.595991, -0.566551, -0.569048)","(-0.887955, -0.255784, 0.382244)","(-0.766911, 0.02303, 0.64134)","(-0.903432, 0.371387, -0.214204)","(-0.201881, -0.939112, 0.278053)","(0.37866, -0.736225, 0.560883)","(0.260896, -0.854069, -0.449999)","(-0.346197, -0.781575, -0.518929)",
2.671622,"(-0.149205, -0.083528, 0.000893)","(0.092459, 0.995115, 0.034615)","(-0.588582, -0.634527, -0.500945)","(-0.84284, -0.366075, 0.394475)","(-0.721, -0.069931, 0.689397)","(-0.912182, 0.349253, -0.21435)","(-0.136848, -0.95012, 0.280257)","(0.302877, -0.779449, 0.548383)","(0.182854, -0.887657, -0.422645)","(-0.214855, -0.800725, -0.559175)",
2.703883,"(-0.140634, -0.069104, -0.002369)","(0.112024, 0.99018, 0.083634)","(-0.584698, -0.683148, -0.437536)","(-0.757241, -0.475966, 0.447262)","(-0.652944, -0.166339, 0.738915)","(-0.927249, 0.327543, -0.18145)","(-0.085915, -0.958655, 0.271292)","(0.23386, -0.820636, 0.521407)","(0.117002, -0.914698, -0.386832)","(-0.083372, -0.815932, -0.572104)",
2.738966,"(-0.130415, -0.060347, -0.005014)","(0.129943, 0.983575, 0.125281)","(-0.591062, -0.712189, -0.378724)","(-0.63108, -0.570812, 0.525273)","(-0.557826, -0.249774, 0.791482)","(-0.946118, 0.300226, -0.121345)","(-0.054944, -0.962409, 0.265989)","(0.183103, -0.854423, 0.486245)","(0.068524, -0.931493, -0.357246)","(0.034338, -0.827558, -0.56033)",
2.770795,"(-0.11833, -0.058326, -0.007163)","(0.146344, 0.976343, 0.15918)","(-0.606596, -0.727402, -0.320825)","(-0.464599, -0.646573, 0.605055)","(-0.438113, -0.303443, 0.846156)","(-0.963396, 0.265283, -0.038632)","(-0.038882, -0.959866, 0.277752)","(0.149861, -0.877355, 0.455839)","(0.036868, -0.93692, -0.347594)","(0.12349, -0.832203, -0.540544)",
2.805276,"(-0.105413, -0.063178, -0.008769)","(0.160006, 0.969705, 0.184583)","(-0.622941, -0.735747, -0.265747)","(-0.280091, -0.7, 0.656924)","(-0.313626, -0.310427, 0.897371)","(-0.971675, 0.230641, 0.051503)","(-0.025557, -0.950556, 0.309499)","(0.12113, -0.886387, 0.446817)","(0.013009, -0.931494, -0.363524)","(0.181517, -0.827909, -0.530677)",
2.837606,"(-0.09113, -0.074518, -0.010017)","(0.171752, 0.963634, 0.204721)","(-0.63572, -0.743039, -0.209173)","(-0.08406, -0.742731, 0.664292)","(-0.185703, -0.266995, 0.945636)","(-0.968592, 0.20337, 0.143077)","(-0.008414, -0.934566, 0.355691)","(0.087743, -0.887292, 0.452785)","(-0.017214, -0.915952, -0.400918)","(0.225092, -0.815277, -0.533532)",
2.8722,"(-0.075523, -0.091323, -0.010835)","(0.181622, 0.958271, 0.220749)","(-0.640786, -0.753721, -0.145938)","(0.121007, -0.767716, 0.629261)","(-0.057997, -0.171345, 0.983503)","(-0.953696, 0.182757, 0.23888)","(0.011733, -0.912646, 0.408582)","(0.049954, -0.882681, 0.46731)","(-0.062039, -0.892008, -0.447743)","(0.262376, -0.796145, -0.545263)",
2.904085,"(-0.058586, -0.110768, -0.011782)","(0.189492, 0.953762, 0.233302)","(-0.635063, -0.770432, -0.055944)","(0.302186, -0.788343, 0.535909)","(0.069122, -0.028079, 0.997213)","(-0.918531, 0.169509, 0.357166)","(0.031384, -0.88788, 0.459004)","(0.009934, -0.874152, 0.485551)","(-0.117739, -0.863767, -0.489943)","(0.294793, -0.775419, -0.558411)",
2.938079,"(-0.041256, -0.12807, -0.012206)","(0.195124, 0.950293, 0.24263)","(-0.609122, -0.790619, 0.062389)","(0.437091, -0.809332, 0.392343)","(0.180688, 0.139206, 0.973639)","(-0.851707, 0.163032, 0.498013)","(0.045029, -0.866901, 0.496442)","(-0.027365, -0.86594, 0.499399)","(-0.172988, -0.836699, -0.519625)","(0.318244, -0.759812, -0.566927)",
2.971824,"(-0.023708, -0.140212, -0.012457)","(0.198656, 0.947815, 0.249365)","(-0.555516, -0.812769, 0.175525)","(0.501906, -0.842122, 0.197282)","(0.266123, 0.309851, 0.912782)","(-0.74146, 0.156068, 0.652595)","(0.047746, -0.853061, 0.519622)","(-0.060162, -0.86028, 0.50626)","(-0.220798, -0.814911, -0.535881)","(0.329285, -0.753814, -0.568626)",
3.004131,"(-0.005306, -0.14619, -0.012603)","(0.200276, 0.946186, 0.254207)","(-0.469376, -0.831522, 0.29708)","(0.506995, -0.861785, -0.016782)","(0.32347, 0.467547, 0.822659)","(-0.583241, 0.123716, 0.802823)","(0.036897, -0.847402, 0.529668)","(-0.092306, -0.856002, 0.508666)","(-0.260384, -0.798736, -0.542422)","(0.321727, -0.756406, -0.56951)",
3.038342,"(0.012853, -0.145122, -0.012577)","(0.199889, 0.945469, 0.257162)","(-0.362382, -0.833885, 0.416311)","(0.468831, -0.853985, -0.225626)","(0.35942, 0.578469, 0.732251)","(-0.399907, 0.042659, 0.915562)","(0.015019, -0.848489, 0.529)","(-0.120027, -0.855428, 0.503823)","(-0.284246, -0.790472, -0.542548)","(0.300081, -0.768312, -0.565375)",
3.072356,"(0.031035, -0.137189, -0.012402)","(0.197501, 0.945589, 0.258565)","(-0.260476, -0.817982, 0.512892)","(0.419026, -0.807216, -0.415715)","(0.406482, 0.628766, 0.662892)","(-0.202171, -0.099254, 0.974308)","(-0.008813, -0.850229, 0.526339)","(-0.140346, -0.861496, 0.487983)","(-0.27097, -0.789783, -0.550289)","(0.271041, -0.790099, -0.5498)",
3.105424,"(0.048537, -0.123171, -0.012062)","(0.193149, 0.946487, 0.258564)","(-0.167824, -0.797327, 0.579745)","(0.370294, -0.738406, -0.563595)","(0.464318, 0.631968, 0.620504)","(-0.004183, -0.277801, 0.96063)","(-0.035778, -0.853265, 0.520248)","(-0.150019, -0.874592, 0.461067)","(-0.225627, -0.798264, -0.558451)","(0.239464, -0.818822, -0.521716)",
3.138375,"(0.066182, -0.104284, -0.011525)","(0.186454, 0.948234, 0.257073)","(-0.080992, -0.773841, 0.628181)","(0.325184, -0.668391, -0.668962)","(0.535317, 0.604163, 0.590274)","(0.196005, -0.450856, 0.87081)","(-0.070101, -0.858424, 0.508129)","(-0.150059, -0.893771, 0.422677)","(-0.160234, -0.815414, -0.55626)","(0.202149, -0.852898, -0.481353)",
3.171843,"(0.081924, -0.086043, -0.010664)","(0.178133, 0.950635, 0.254092)","(-0.002668, -0.745904, 0.666048)","(0.291184, -0.611503, -0.735715)","(0.601577, 0.572824, 0.556758)","(0.370709, -0.554134, 0.745326)","(-0.104639, -0.862578, 0.494984)","(-0.144199, -0.913422, 0.380614)","(-0.092561, -0.833883, -0.544125)","(0.164058, -0.884001, -0.437752)",
3.203961,"(0.097453, -0.070333, -0.009708)","(0.167289, 0.953933, 0.249051)","(0.079121, -0.706619, 0.703156)","(0.265685, -0.553573, -0.789284)","(0.663616, 0.549929, 0.507141)","(0.534029, -0.587809, 0.607695)","(-0.138169, -0.861553, 0.488504)","(-0.135577, -0.931119, 0.33858)","(-0.016989, -0.851212, -0.524547)","(0.124337, -0.910573, -0.394204)",1
3.238161,"(0.111535, -0.060769, -0.008252)","(0.154439, 0.957957, 0.241799)","(0.163583, -0.659296, 0.733873)","(0.250575, -0.492672, -0.833359)","(0.712533, 0.542586, 0.444858)","(0.672434, -0.555324, 0.489334)","(-0.16576, -0.854767, 0.49183)","(-0.128839, -0.9428, 0.307456)","(0.066432, -0.860951, -0.504332)","(0.089204, -0.927306, -0.36352)",
3.270492,"(0.123811, -0.058196, -0.006539)","(0.140147, 0.962494, 0.232303)","(0.242318, -0.599822, 0.762559)","(0.247865, -0.433365, -0.866463)","(0.748606, 0.548095, 0.373069)","(0.779022, -0.48102, 0.402174)","(-0.192872, -0.84224, 0.503421)","(-0.124003, -0.947278, 0.295444)","(0.136896, -0.85966, -0.492184)","(0.067208, -0.933086, -0.353317)",
3.304275,"(0.134822, -0.062202, -0.004321)","(0.123798, 0.967693, 0.219648)","(0.327065, -0.532893, 0.780419)","(0.260311, -0.377223, -0.888786)","(0.771879, 0.561693, 0.297831)","(0.856194, -0.384937, 0.344609)","(-0.231655, -0.819487, 0.524191)","(-0.115518, -0.945029, 0.305901)","(0.199016, -0.851238, -0.485579)","(0.055302, -0.928449, -0.367319)",
3.337429,"(0.144116, -0.07236, -0.001604)","(0.106139, 0.97326, 0.203716)","(0.411234, -0.457184, 0.788587)","(0.287067, -0.32895, -0.899658)","(0.785485, 0.576795, 0.224321)","(0.902398, -0.287978, 0.320542)","(-0.2819, -0.788289, 0.54693)","(-0.098995, -0.937067, 0.33482)","(0.265661, -0.837745, -0.477082)","(0.04262, -0.913174, -0.405336)",
3.370776,"(0.152157, -0.088097, 0.001858)","(0.086216, 0.979402, 0.182591)","(0.49948, -0.368301, 0.784139)","(0.3284, -0.289321, -0.899137)","(0.792465, 0.590514, 0.152617)","(0.92493, -0.195419, 0.326063)","(-0.343185, -0.749691, 0.565851)","(-0.065593, -0.925055, 0.374127)","(0.341524, -0.819165, -0.460794)","(0.017991, -0.887251, -0.460936)",
3.405244,"(0.158512, -0.106265, 0.00589)","(0.064873, 0.985682, 0.155635)","(0.583076, -0.276939, 0.763759)","(0.380316, -0.257962, -0.888153)","(0.795865, 0.600072, 0.080704)","(0.931463, -0.105279, 0.348272)","(-0.406915, -0.708474, 0.576615)","(-0.011234, -0.912363, 0.409228)","(0.41498, -0.799642, -0.43401)","(-0.026856, -0.855025, -0.517892)",
3.438478,"(0.163283, -0.123425, 0.009999)","(0.041723, 0.991857, 0.12033)","(0.659475, -0.194681, 0.72608)","(0.438249, -0.240315, -0.866133)","(0.797892, 0.60279, 0.003625)","(0.92612, -0.017099, 0.376842)","(-0.465221, -0.668344, 0.580419)","(0.05848, -0.902072, 0.427606)","(0.477583, -0.783945, -0.396667)","(-0.088199, -0.822094, -0.56248)",
3.471715,"(0.166147, -0.135007, 0.012836)","(0.019232, 0.996679, 0.079127)","(0.720224, -0.140546, 0.679356)","(0.491372, -0.246373, -0.835377)","(0.802363, 0.592841, -0.068944)","(0.912454, 0.051944, 0.40587)","(-0.506011, -0.636927, 0.581616)","(0.120415, -0.896061, 0.427289)","(0.517757, -0.776659, -0.358788)","(-0.14096, -0.798194, -0.585677)",
3.504948,"(0.167493, -0.140951, 0.014201)","(-0.005338, 0.999575, 0.028675)","(0.77437, -0.112545, 0.622644)","(0.545083, -0.275639, -0.791775)","(0.810499, 0.568959, -0.139202)","(0.890895, 0.107904, 0.441206)","(-0.532833, -0.610133, 0.586368)","(0.167898, -0.893796, 0.415859)","(0.542361, -0.779913, -0.312378)","(-0.172213, -0.783777, -0.596688)",
3.537097,"(0.167068, -0.139937, 0.013975)","(-0.029567, 0.999457, -0.014533)","(0.817878, -0.11543, 0.563694)","(0.589242, -0.326133, -0.73921)","(0.824312, 0.532342, -0.19267)","(0.867086, 0.136474, 0.4791)","(-0.526514, -0.620955, 0.580688)","(0.186933, -0.89206, 0.411443)","(0.530863, -0.774183, -0.34471)","(-0.192097, -0.787888, -0.585091)",
3.571313,"(0.164956, -0.132624, 0.012194)","(-0.052523, 0.997987, -0.035544)","(0.849719, -0.140923, 0.508054)","(0.61975, -0.39225, -0.679743)","(0.844911, 0.48711, -0.22102)","(0.845887, 0.131342, 0.516938)","(-0.496327, -0.654103, 0.570796)","(0.184183, -0.893462, 0.409637)","(0.491638, -0.768583, -0.409355)","(-0.19429, -0.805115, -0.560394)",
3.605476,"(0.16092, -0.119203, 0.008884)","(-0.075634, 0.996579, -0.033327)","(0.876921, -0.192188, 0.440538)","(0.641194, -0.467048, -0.608882)","(0.874264, 0.430116, -0.225084)","(0.825446, 0.092621, 0.55683)","(-0.448951, -0.694671, 0.562028)","(0.164512, -0.900106, 0.403417)","(0.424606, -0.772921, -0.47149)","(-0.172695, -0.83186, -0.527433)",
3.637731,"(0.154769, -0.101279, 0.004657)","(-0.098669, 0.995106, -0.005304)","(0.887419, -0.255022, 0.383994)","(0.65353, -0.542889, -0.527419)","(0.910397, 0.361236, -0.201707)","(0.803642, 0.022303, 0.594696)","(-0.386104, -0.740247, 0.550417)","(0.131822, -0.91131, 0.390048)","(0.326584, -0.78658, -0.524056)","(-0.132829, -0.86488, -0.484087)",
3.671888,"(0.146997, -0.083719, 0.000799)","(-0.119505, 0.992089, 0.038436)","(0.872798, -0.322524, 0.366335)","(0.659751, -0.603476, -0.447823)","(0.943552, 0.291849, -0.156632)","(0.77599, -0.063415, 0.62755)","(-0.320636, -0.782955, 0.533081)","(0.099161, -0.923602, 0.370306)","(0.218465, -0.804311, -0.552591)","(-0.090032, -0.895376, -0.436114)",
3.705591,"(0.137048, -0.068891, -0.002571)","(-0.139485, 0.986546, 0.085271)","(0.831939, -0.392541, 0.39216)","(0.667986, -0.646333, -0.368848)","(0.970257, 0.225026, -0.08924)","(0.73362, -0.15568, 0.661488)","(-0.258256, -0.822589, 0.506607)","(0.072681, -0.934203, 0.349259)","(0.103495, -0.821488, -0.560756)","(-0.050171, -0.919921, -0.38888)",
3.739666,"(0.125519, -0.060228, -0.005243)","(-0.157293, 0.979735, 0.124007)","(0.767451, -0.456182, 0.450463)","(0.682341, -0.668122, -0.296688)","(0.985124, 0.171481, -0.011228)","(0.677851, -0.232728, 0.697392)","(-0.21086, -0.856595, 0.470938)","(0.057603, -0.939243, 0.338384)","(-0.004026, -0.831297, -0.555814)","(-0.018251, -0.933707, -0.357573)",
3.771462,"(0.113134, -0.058226, -0.007126)","(-0.172413, 0.973006, 0.153405)","(0.681061, -0.515434, 0.52008)","(0.700737, -0.674192, -0.23331)","(0.988272, 0.139797, 0.061452)","(0.616645, -0.280931, 0.735409)","(-0.176547, -0.88071, 0.439524)","(0.050855, -0.937462, 0.344353)","(-0.079115, -0.832186, -0.548823)","(0.004905, -0.937928, -0.346795)",
3.804271,"(0.098493, -0.063135, -0.009024)","(-0.186625, 0.966118, 0.178291)","(0.555981, -0.584005, 0.591459)","(0.722278, -0.670124, -0.17102)","(0.983004, 0.1355, 0.123863)","(0.548191, -0.29597, 0.782233)","(-0.138529, -0.893024, 0.428157)","(0.041842, -0.927273, 0.37204)","(-0.130075, -0.825807, -0.548748)","(0.029732, -0.934096, -0.355782)",
3.839116,"(0.083591, -0.074203, -0.010031)","(-0.198146, 0.960202, 0.19685)","(0.403984, -0.655032, 0.638537)","(0.742487, -0.659467, -0.117539)","(0.973175, 0.162743, 0.162618)","(0.483706, -0.270818, 0.832278)","(-0.096921, -0.896957, 0.431363)","(0.026068, -0.91074, 0.412156)","(-0.170843, -0.81159, -0.55869)","(0.06138, -0.921373, -0.383802)",
3.87058,"(0.06746, -0.091001, -0.011253)","(-0.207962, 0.954927, 0.211815)","(0.218584, -0.730328, 0.64718)","(0.762215, -0.643943, -0.066074)","(0.957153, 0.215683, 0.193232)","(0.417559, -0.208104, 0.884498)","(-0.050762, -0.895174, 0.442817)","(0.003567, -0.888181, 0.459481)","(-0.211213, -0.790656, -0.574676)","(0.104907, -0.899893, -0.423306)",1
3.905582,"(0.050596, -0.110448, -0.0119)","(-0.215839, 0.950488, 0.223577)","(0.014187, -0.80077, 0.598804)","(0.774237, -0.632877, -0.004963)","(0.927243, 0.276393, 0.252643)","(0.340505, -0.105852, 0.934265)","(-0.004279, -0.889995, 0.45595)","(-0.022409, -0.864417, 0.502277)","(-0.249105, -0.767764, -0.590326)","(0.154315, -0.872515, -0.463578)",
3.937821,"(0.03411, -0.12774, -0.012385)","(-0.221433, 0.947123, 0.232218)","(-0.180449, -0.861852, 0.473972)","(0.767169, -0.637761, 0.068656)","(0.873546, 0.324473, 0.362816)","(0.257932, 0.026968, 0.965787)","(0.03561, -0.884491, 0.465196)","(-0.042939, -0.844847, 0.533282)","(-0.278186, -0.750482, -0.599491)","(0.197692, -0.845926, -0.495306)",
3.971817,"(0.017756, -0.140246, -0.012683)","(-0.225035, 0.944687, 0.238591)","(-0.351194, -0.898687, 0.262724)","(0.730485, -0.669295, 0.13578)","(0.778776, 0.328158, 0.534621)","(0.179092, 0.189309, 0.965447)","(0.067814, -0.88099, 0.46825)","(-0.051547, -0.831827, 0.552637)","(-0.293906, -0.742867, -0.601472)","(0.231748, -0.82425, -0.516628)",
4.005589,"(0.002437, -0.145566, -0.012842)","(-0.226482, 0.943258, 0.24284)","(-0.46605, -0.884738, 0.006031)","(0.660202, -0.718651, 0.218345)","(0.627444, 0.246092, 0.738751)","(0.113724, 0.351394, 0.929295)","(0.093695, -0.878575, 0.468323)","(-0.043516, -0.826594, 0.561114)","(-0.288274, -0.744732, -0.601891)","(0.258739, -0.810261, -0.525863)",
4.037926,"(-0.013067, -0.144974, -0.012815)","(-0.226225, 0.942606, 0.245593)","(-0.509988, -0.821128, -0.256245)","(0.559242, -0.764768, 0.319965)","(0.400801, 0.088413, 0.911889)","(0.05827, 0.49052, 0.869479)","(0.114767, -0.87833, 0.464075)","(-0.024886, -0.826402, 0.56253)","(-0.267293, -0.755303, -0.598391)","(0.280939, -0.802162, -0.526887)",
4.071018,"(-0.029086, -0.137443, -0.012623)","(-0.223976, 0.942807, 0.246879)","(-0.481659, -0.744801, -0.461819)","(0.448584, -0.79263, 0.412928)","(0.133867, -0.105161, 0.985404)","(-0.008491, 0.573897, 0.818884)","(0.126047, -0.884144, 0.44989)","(-0.010632, -0.825496, 0.564307)","(-0.234291, -0.776768, -0.584585)","(0.28389, -0.797496, -0.532359)",
4.105037,"(-0.045825, -0.122701, -0.012268)","(-0.219453, 0.943906, 0.24674)","(-0.423245, -0.684724, -0.59331)","(0.345849, -0.803879, 0.483909)","(-0.120163, -0.309093, 0.94341)","(-0.110094, 0.598676, 0.793389)","(0.125037, -0.89766, 0.422579)","(-0.001081, -0.825877, 0.56385)","(-0.189792, -0.807996, -0.557783)","(0.265472, -0.799575, -0.538706)",
4.137749,"(-0.061209, -0.105377, -0.011876)","(-0.21339, 0.945677, 0.245275)","(-0.37539, -0.648346, -0.662367)","(0.263145, -0.802255, 0.535856)","(-0.307, -0.465367, 0.830171)","(-0.228394, 0.586694, 0.776934)","(0.115433, -0.914843, 0.386959)","(0.008229, -0.828122, 0.560487)","(-0.14191, -0.840815, -0.52239)","(0.23889, -0.80885, -0.537303)",
4.171361,"(-0.077351, -0.086262, -0.011002)","(-0.204847, 0.948384, 0.242086)","(-0.336618, -0.613188, -0.714625)","(0.175823, -0.786237, 0.592383)","(-0.460453, -0.56702, 0.682987)","(-0.363149, 0.562679, 0.74264)","(0.101165, -0.93511, 0.33961)","(0.019255, -0.829737, 0.557823)","(-0.088066, -0.875184, -0.475707)","(0.196357, -0.822491, -0.53381)",
4.204675,"(-0.092927, -0.070499, -0.009878)","(-0.194166, 0.951922, 0.23695)","(-0.304639, -0.564122, -0.767438)","(0.082263, -0.752224, 0.653752)","(-0.584526, -0.594844, 0.551806)","(-0.490977, 0.543992, 0.680451)","(0.08769, -0.952875, 0.290412)","(0.033025, -0.824842, 0.564398)","(-0.037012, -0.903298, -0.427414)","(0.1395, -0.83682, -0.529407)",
4.238679,"(-0.10729, -0.060953, -0.008493)","(-0.18167, 0.956152, 0.229716)","(-0.274878, -0.499007, -0.821848)","(-0.020242, -0.702558, 0.711339)","(-0.69221, -0.560107, 0.455111)","(-0.597323, 0.536259, 0.596349)","(0.079148, -0.964885, 0.250463)","(0.052758, -0.810939, 0.582748)","(0.006744, -0.921089, -0.389295)","(0.074033, -0.848301, -0.524314)",
4.271284,"(-0.120278, -0.058187, -0.006773)","(-0.167503, 0.960985, 0.220115)","(-0.251979, -0.428814, -0.86754)","(-0.12833, -0.636519, 0.76051)","(-0.785362, -0.481737, 0.388763)","(-0.679871, 0.538724, 0.497547)","(0.071179, -0.970456, 0.230539)","(0.082105, -0.793311, 0.603255)","(0.035722, -0.926941, -0.373502)","(0.008418, -0.853115, -0.521656)",
4.304847,"(-0.132293, -0.062169, -0.004496)","(-0.150947, 0.966611, 0.207069)","(-0.246941, -0.362953, -0.89849)","(-0.250459, -0.558235, 0.790977)","(-0.859547, -0.376197, 0.345913)","(-0.740152, 0.547627, 0.390231)","(0.051699, -0.969939, 0.237795)","(0.129479, -0.771857, 0.622472)","(0.056197, -0.920397, -0.386926)","(-0.066758, -0.850768, -0.521285)",
4.337438,"(-0.142813, -0.073036, -0.001595)","(-0.132379, 0.972826, 0.189961)","(-0.270037, -0.309825, -0.911641)","(-0.377566, -0.467569, 0.799264)","(-0.905729, -0.266831, 0.329326)","(-0.780839, 0.558766, 0.279413)","(0.013659, -0.963861, 0.266055)","(0.200214, -0.74298, 0.638667)","(0.088974, -0.900834, -0.42495)","(-0.162686, -0.840984, -0.516022)",
4.371583,"(-0.151181, -0.088478, 0.001823)","(-0.11308, 0.979095, 0.169074)","(-0.314674, -0.273339, -0.908992)","(-0.499719, -0.372138, 0.782173)","(-0.924778, -0.175834, 0.337445)","(-0.803444, 0.568375, 0.17728)","(-0.045606, -0.954965, 0.293193)","(0.285041, -0.710757, 0.643099)","(0.144983, -0.871721, -0.468063)","(-0.271738, -0.824754, -0.495923)",
4.404867,"(-0.157887, -0.106315, 0.005816)","(-0.092226, 0.985509, 0.142361)","(-0.37001, -0.244796, -0.896196)","(-0.613627, -0.269703, 0.742107)","(-0.928824, -0.089166, 0.359634)","(-0.81732, 0.568759, 0.0922)","(-0.126963, -0.944953, 0.301569)","(0.373263, -0.679266, 0.63188)","(0.224427, -0.836933, -0.499176)","(-0.381079, -0.802967, -0.458283)",
4.438277,"(-0.162983, -0.123358, 0.009929)","(-0.069324, 0.991825, 0.107137)","(-0.428378, -0.230002, -0.873837)","(-0.711578, -0.169898, 0.681756)","(-0.921507, -0.004664, 0.388335)","(-0.830438, 0.556399, 0.02816)","(-0.215765, -0.934593, 0.28281)","(0.450776, -0.650653, 0.611107)","(0.310899, -0.803706, -0.507345)","(-0.473671, -0.781369, -0.406324)",
4.471983,"(-0.16613, -0.135363, 0.012888)","(-0.045935, 0.996893, 0.063993)","(-0.483731, -0.236973, -0.842525)","(-0.783542, -0.097229, 0.613685)","(-0.904607, 0.067176, 0.42092)","(-0.846712, 0.53172, -0.018753)","(-0.284612, -0.925384, 0.250321)","(0.502333, -0.62915, 0.593154)","(0.374375, -0.781402, -0.499253)","(-0.536353, -0.766994, -0.352202)",
4.503975,"(-0.167484, -0.140987, 0.014203)","(-0.021907, 0.999653, 0.014656)","(-0.53061, -0.272508, -0.802617)","(-0.834145, -0.059063, 0.548375)","(-0.881423, 0.11762, 0.457448)","(-0.864299, 0.499489, -0.05915)","(-0.325998, -0.918417, 0.224132)","(0.528599, -0.614537, 0.5856)","(0.402656, -0.772019, -0.491787)","(-0.576019, -0.762387, -0.294905)",
4.53839,"(-0.167162, -0.140066, 0.014015)","(0.001149, 0.999659, -0.026077)","(-0.565218, -0.327356, -0.75721)","(-0.866635, -0.057873, 0.495575)","(-0.855906, 0.142354, 0.497153)","(-0.879739, 0.465256, -0.097963)","(-0.33303, -0.916508, 0.221594)","(0.524356, -0.627368, 0.575727)","(0.407936, -0.776645, -0.480011)","(-0.571277, -0.755191, -0.321449)",
4.5715,"(-0.165122, -0.132282, 0.012155)","(0.025711, 0.998526, -0.047802)","(-0.58889, -0.403355, -0.700367)","(-0.887873, -0.093064, 0.450578)","(-0.827503, 0.137061, 0.544475)","(-0.892264, 0.428849, -0.141258)","(-0.310984, -0.92015, 0.237935)","(0.495158, -0.658859, 0.566324)","(0.386122, -0.794015, -0.469521)","(-0.526906, -0.753704, -0.392811)",
4.605078,"(-0.161394, -0.118401, 0.008745)","(0.049294, 0.99785, -0.043203)","(-0.597871, -0.487611, -0.636228)","(-0.897956, -0.162857, 0.408843)","(-0.798994, 0.094354, 0.593891)","(-0.89909, 0.396779, -0.184945)","(-0.264196, -0.928473, 0.261034)","(0.445074, -0.695872, 0.563623)","(0.333146, -0.821367, -0.463001)","(-0.450991, -0.764209, -0.461077)",
4.638239,"(-0.15602, -0.100833, 0.00466)","(0.0718, 0.997344, -0.012253)","(-0.595824, -0.568493, -0.567283)","(-0.887336, -0.25844, 0.381896)","(-0.765956, 0.02085, 0.642555)","(-0.903561, 0.37081, -0.214657)","(-0.200145, -0.939405, 0.278318)","(0.37677, -0.73731, 0.56073)","(0.258862, -0.854957, -0.449488)","(-0.343126, -0.782077, -0.520211)",
4.671842,"(-0.149138, -0.083382, 0.000862)","(0.092636, 0.995082, 0.035069)","(-0.588514, -0.635039, -0.500377)","(-0.842269, -0.367062, 0.394776)","(-0.720523, -0.070785, 0.689809)","(-0.912288, 0.349069, -0.214201)","(-0.136323, -0.950211, 0.280207)","(0.302224, -0.779826, 0.548208)","(0.182208, -0.887931, -0.42235)","(-0.213658, -0.800879, -0.559413)",
4.705263,"(-0.140197, -0.06855, -0.002504)","(0.112898, 0.989897, 0.085777)","(-0.584717, -0.684935, -0.434708)","(-0.752235, -0.480851, 0.450473)","(-0.649172, -0.170662, 0.741249)","(-0.928073, 0.326455, -0.179185)","(-0.083992, -0.958962, 0.270807)","(0.231006, -0.82242, 0.519867)","(0.114346, -0.915734, -0.385171)","(-0.077558, -0.81654, -0.572056)",
4.737746,"(-0.130438, -0.060358, -0.005009)","(0.12991, 0.983589, 0.125205)","(-0.591038, -0.712148, -0.37884)","(-0.631378, -0.57064, 0.525101)","(-0.558045, -0.249626, 0.791374)","(-0.946079, 0.300292, -0.12149)","(-0.054989, -0.962407, 0.265987)","(0.183184, -0.854365, 0.486318)","(0.068606, -0.93147, -0.357291)","(0.034118, -0.827538, -0.560371)",
4.772295,"(-0.118414, -0.058316, -0.00715)","(0.146244, 0.97639, 0.158986)","(-0.606478, -0.727334, -0.321201)","(-0.465788, -0.64615, 0.604592)","(-0.438944, -0.303226, 0.845803)","(-0.963305, 0.265527, -0.039223)","(-0.038958, -0.959905, 0.277605)","(0.150041, -0.877251, 0.455981)","(0.03703, -0.936922, -0.347572)","(0.123024, -0.8322, -0.540655)",
4.804296,"(-0.105391, -0.06319, -0.008772)","(0.160025, 0.969695, 0.184618)","(-0.622966, -0.735757, -0.265661)","(-0.279791, -0.70007, 0.656977)","(-0.313427, -0.310402, 0.897449)","(-0.97168, 0.230589, 0.051647)","(-0.025534, -0.950537, 0.309562)","(0.121082, -0.886393, 0.446819)","(0.01297, -0.931478, -0.363566)","(0.181593, -0.827897, -0.530671)",
4.83727,"(-0.091031, -0.074613, -0.010024)","(0.171823, 0.963596, 0.204839)","(-0.635786, -0.743091, -0.208787)","(-0.082757, -0.74299, 0.664167)","(-0.184852, -0.266532, 0.945934)","(-0.968532, 0.203227, 0.143681)","(-0.008286, -0.93444, 0.356026)","(0.087503, -0.887279, 0.452858)","(-0.017454, -0.915816, -0.401218)","(0.225348, -0.815169, -0.533589)",
4.872182,"(-0.075728, -0.091087, -0.01083)","(0.181511, 0.958333, 0.220571)","(-0.640781, -0.753555, -0.146816)","(0.11855, -0.767387, 0.63013)","(-0.059587, -0.172868, 0.983141)","(-0.953971, 0.182935, 0.237642)","(0.011472, -0.912946, 0.407919)","(0.050451, -0.882766, 0.467096)","(-0.061379, -0.892349, -0.447153)","(0.261936, -0.796413, -0.545083)",
4.904955,"(-0.058849, -0.110474, -0.011778)","(0.189389, 0.953823, 0.233137)","(-0.63527, -0.770142, -0.057562)","(0.299708, -0.788067, 0.537705)","(0.067234, -0.030543, 0.99727)","(-0.919284, 0.169678, 0.355141)","(0.031114, -0.888242, 0.45832)","(0.010536, -0.874286, 0.485297)","(-0.116865, -0.86421, -0.48937)","(0.294352, -0.775722, -0.558222)",
4.938648,"(-0.041462, -0.127889, -0.012202)","(0.19507, 0.950328, 0.242536)","(-0.609586, -0.790378, 0.060901)","(0.435861, -0.809016, 0.394358)","(0.179513, 0.137172, 0.974145)","(-0.852724, 0.163082, 0.496251)","(0.044921, -0.867114, 0.496079)","(-0.026948, -0.866028, 0.499269)","(-0.172363, -0.836997, -0.519352)","(0.318031, -0.759949, -0.566863)",
4.970827,"(-0.023979, -0.140069, -0.012453)","(0.198616, 0.947846, 0.249279)","(-0.556547, -0.812417, 0.173882)","(0.50128, -0.841765, 0.200378)","(0.265039, 0.307272, 0.913968)","(-0.743504, 0.156307, 0.650207)","(0.047796, -0.853218, 0.51936)","(-0.059689, -0.860348, 0.5062)","(-0.220133, -0.815199, -0.535716)","(0.329221, -0.753832, -0.568639)",
5.005344,"(-0.00593, -0.146104, -0.012601)","(0.200254, 0.946226, 0.254077)","(-0.472802, -0.831094, 0.292816)","(0.507912, -0.861357, -0.009439)","(0.322029, 0.462782, 0.825912)","(-0.589234, 0.125456, 0.798163)","(0.037483, -0.847456, 0.529541)","(-0.091241, -0.856118, 0.508661)","(-0.259246, -0.799166, -0.542333)","(0.322313, -0.756179, -0.56948)",
5.03847,"(0.012828, -0.145129, -0.012578)","(0.19989, 0.94547, 0.257159)","(-0.362543, -0.833895, 0.416152)","(0.468902, -0.854021, -0.225342)","(0.359374, 0.578347, 0.732369)","(-0.400177, 0.042812, 0.915438)","(0.015054, -0.848485, 0.529005)","(-0.119992, -0.855424, 0.503836)","(-0.284229, -0.790477, -0.542549)","(0.300118, -0.768288, -0.565388)",
5.071072,"(0.030891, -0.13728, -0.012404)","(0.197528, 0.945585, 0.258559)","(-0.261291, -0.818143, 0.51222)","(0.419435, -0.807723, -0.414315)","(0.406078, 0.628549, 0.663345)","(-0.203785, -0.097915, 0.974107)","(-0.008623, -0.850217, 0.526362)","(-0.140223, -0.861417, 0.488158)","(-0.271248, -0.78976, -0.550185)","(0.271296, -0.789887, -0.549979)",
5.104251,"(0.04875, -0.122966, -0.012057)","(0.193085, 0.946503, 0.258556)","(-0.166764, -0.797066, 0.58041)","(0.36972, -0.737512, -0.565141)","(0.465131, 0.631755, 0.620112)","(-0.001759, -0.280077, 0.959976)","(-0.036149, -0.853319, 0.520134)","(-0.150072, -0.874793, 0.460668)","(-0.224931, -0.798426, -0.558501)","(0.239062, -0.819207, -0.521296)",
5.13765,"(0.065641, -0.104913, -0.011546)","(0.186696, 0.948168, 0.257144)","(-0.083608, -0.774624, 0.626871)","(0.326446, -0.670411, -0.66632)","(0.533021, 0.605309, 0.591177)","(0.189931, -0.446135, 0.87458)","(-0.068959, -0.858247, 0.508583)","(-0.15019, -0.893112, 0.424021)","(-0.162464, -0.814795, -0.556519)","(0.203398, -0.851803, -0.482764)",
5.173053,"(0.081915, -0.086053, -0.010664)","(0.178137, 0.950633, 0.254094)","(-0.002715, -0.745923, 0.666027)","(0.291201, -0.611535, -0.735681)","(0.601538, 0.572841, 0.556781)","(0.370608, -0.554094, 0.745405)","(-0.104618, -0.862577, 0.494991)","(-0.144204, -0.913411, 0.380639)","(-0.092602, -0.833873, -0.544133)","(0.164081, -0.883985, -0.437777)",
5.204252,"(0.097126, -0.070624, -0.009739)","(0.16755, 0.953852, 0.249185)","(0.077314, -0.707593, 0.702378)","(0.266132, -0.55487, -0.788221)","(0.662372, 0.550278, 0.508387)","(0.530686, -0.587839, 0.610588)","(-0.137484, -0.861638, 0.488547)","(-0.135773, -0.930777, 0.33944)","(-0.018719, -0.850892, -0.525007)","(0.125183, -0.910081, -0.395071)",1
5.23916,"(0.110549, -0.06124, -0.008368)","(0.15545, 0.957638, 0.242413)","(0.157216, -0.662961, 0.73196)","(0.251343, -0.497252, -0.830402)","(0.709433, 0.542613, 0.449751)","(0.66316, -0.559577, 0.497084)","(-0.163867, -0.855443, 0.49129)","(-0.129213, -0.942181, 0.309192)","(0.060151, -0.860605, -0.505709)","(0.091528, -0.926426, -0.365181)",
5.271464,"(0.123432, -0.058179, -0.006603)","(0.140642, 0.962336, 0.232655)","(0.23958, -0.601748, 0.761906)","(0.247746, -0.435284, -0.865535)","(0.747663, 0.547766, 0.375436)","(0.775989, -0.48392, 0.404553)","(-0.191897, -0.842771, 0.502905)","(-0.124166, -0.947236, 0.29551)","(0.134838, -0.859838, -0.492441)","(0.06772, -0.933063, -0.353282)",
5.305567,"(0.134995, -0.062325, -0.004279)","(0.123508, 0.967785, 0.219406)","(0.32848, -0.53168, 0.780652)","(0.260658, -0.376327, -0.889064)","(0.772206, 0.561929, 0.296536)","(0.857228, -0.383247, 0.343922)","(-0.232433, -0.819008, 0.524596)","(-0.115319, -0.944935, 0.306266)","(0.200048, -0.851056, -0.485473)","(0.055145, -0.928278, -0.367775)",
5.338569,"(0.144534, -0.073005, -0.001456)","(0.105232, 0.973543, 0.202832)","(0.415422, -0.453209, 0.788686)","(0.288735, -0.326772, -0.899918)","(0.785906, 0.57758, 0.220802)","(0.904002, -0.28333, 0.320164)","(-0.284625, -0.786585, 0.547971)","(-0.097869, -0.936561, 0.336563)","(0.26918, -0.836944, -0.476516)","(0.041773, -0.912154, -0.407714)",
5.372216,"(0.152278, -0.088398, 0.001922)","(0.085866, 0.979507, 0.182189)","(0.50095, -0.366733, 0.783936)","(0.329237, -0.288707, -0.899028)","(0.792548, 0.590705, 0.151442)","(0.925138, -0.193898, 0.32638)","(-0.344274, -0.748997, 0.566108)","(-0.064848, -0.924833, 0.374806)","(0.342821, -0.818823, -0.460437)","(0.01743, -0.886738, -0.461945)",
5.404673,"(0.158669, -0.106788, 0.00601)","(0.064245, 0.985859, 0.154771)","(0.585344, -0.27441, 0.762936)","(0.381884, -0.257229, -0.887693)","(0.795922, 0.600275, 0.078607)","(0.931465, -0.102738, 0.349025)","(-0.408688, -0.707301, 0.576801)","(-0.009401, -0.91202, 0.410038)","(0.416957, -0.79911, -0.433094)","(-0.028447, -0.854063, -0.519391)",
5.437542,"(0.163172, -0.122986, 0.00989)","(0.042397, 0.991692, 0.121449)","(0.657452, -0.196753, 0.727355)","(0.43657, -0.240541, -0.866918)","(0.797838, 0.602844, 0.00584)","(0.92642, -0.019476, 0.375988)","(-0.463735, -0.66942, 0.580368)","(0.05643, -0.902313, 0.427372)","(0.476046, -0.784297, -0.397818)","(-0.086386, -0.822971, -0.561477)",
5.470767,"(0.166235, -0.135389, 0.012928)","(0.018236, 0.996851, 0.07717)","(0.722649, -0.138757, 0.677145)","(0.49373, -0.247023, -0.833793)","(0.802585, 0.592176, -0.072011)","(0.911677, 0.054728, 0.407246)","(-0.507426, -0.63573, 0.581693)","(0.122844, -0.89587, 0.426996)","(0.519081, -0.776525, -0.357162)","(-0.142914, -0.797368, -0.586328)",
5.505392,"(0.167479, -0.140883, 0.014187)","(-0.004662, 0.999537, 0.030077)","(0.773031, -0.112879, 0.624245)","(0.543749, -0.27444, -0.793108)","(0.810206, 0.569806, -0.137434)","(0.891524, 0.106754, 0.440215)","(-0.532396, -0.61066, 0.586215)","(0.166938, -0.89381, 0.416215)","(0.541965, -0.779744, -0.313484)","(-0.171734, -0.783989, -0.596548)",
5.537682,"(0.167064, -0.139925, 0.013973)","(-0.029633, 0.999454, -0.014632)","(0.817987, -0.115478, 0.563526)","(0.589348, -0.326305, -0.73905)","(0.82436, 0.532224, -0.192792)","(0.867021, 0.136509, 0.479208)","(-0.526445, -0.62105, 0.580649)","(0.186949, -0.892055, 0.411447)","(0.530771, -0.774147, -0.344934)","(-0.192145, -0.787926, -0.585024)",
5.571679,"(0.164888, -0.132387, 0.012136)","(-0.053041, 0.997952, -0.035744)","(0.850367, -0.141798, 0.506725)","(0.620311, -0.393895, -0.678278)","(0.845472, 0.485963, -0.221396)","(0.845418, 0.130854, 0.517827)","(-0.495454, -0.654935, 0.570602)","(0.183923, -0.893557, 0.409547)","(0.49051, -0.768568, -0.410735)","(-0.194054, -0.805615, -0.559757)",
5.605454,"(0.160742, -0.118632, 0.008743)","(-0.076443, 0.996534, -0.032819)","(0.877658, -0.194212, 0.438177)","(0.64177, -0.469748, -0.606191)","(0.875447, 0.427894, -0.224722)","(0.824706, 0.090625, 0.558253)","(-0.446974, -0.696226, 0.561679)","(0.163538, -0.900431, 0.403087)","(0.421654, -0.773236, -0.473618)","(-0.17155, -0.83295, -0.526084)",
5.638981,"(0.154745, -0.101217, 0.004643)","(-0.098743, 0.9951, -0.005173)","(0.887418, -0.255242, 0.383849)","(0.653555, -0.543124, -0.527145)","(0.910518, 0.360997, -0.20159)","(0.803564, 0.022033, 0.594811)","(-0.385883, -0.740398, 0.550369)","(0.131704, -0.911353, 0.389988)","(0.326227, -0.786636, -0.524194)","(-0.13268, -0.864991, -0.483928)",
5.671503,"(0.146755, -0.083253, 0.000699)","(-0.120065, 0.991969, 0.039782)","(0.872018, -0.324472, 0.366473)","(0.659899, -0.604929, -0.445639)","(0.944399, 0.289945, -0.155058)","(0.775065, -0.065958, 0.628429)","(-0.318822, -0.784104, 0.532478)","(0.098308, -0.923941, 0.369687)","(0.215363, -0.804828, -0.553057)","(-0.088862, -0.896165, -0.434733)",
5.704294,"(0.137196, -0.069059, -0.00253)","(-0.139225, 0.986634, 0.084672)","(0.832665, -0.391614, 0.391545)","(0.667837, -0.645892, -0.369888)","(0.969965, 0.225873, -0.090275)","(0.734293, -0.154472, 0.661024)","(-0.259027, -0.822087, 0.507028)","(0.072975, -0.934087, 0.34951)","(0.10504, -0.821286, -0.560764)","(-0.050666, -0.91965, -0.389458)",
5.738168,"(0.12578, -0.060344, -0.005193)","(-0.156937, 0.979885, 0.123275)","(0.76909, -0.454878, 0.448985)","(0.681968, -0.667848, -0.298158)","(0.984934, 0.172448, -0.012931)","(0.679142, -0.231323, 0.696603)","(-0.211707, -0.855934, 0.471759)","(0.05782, -0.939205, 0.338455)","(-0.001898, -0.831183, -0.555995)","(-0.018856, -0.933521, -0.358026)",
5.770579,"(0.112663, -0.058273, -0.007203)","(-0.172925, 0.972768, 0.154338)","(0.677436, -0.5176, 0.522657)","(0.701461, -0.674194, -0.231117)","(0.988217, 0.139076, 0.063913)","(0.614356, -0.282126, 0.736866)","(-0.175426, -0.881344, 0.438701)","(0.050681, -0.937253, 0.344947)","(-0.081184, -0.832103, -0.548647)","(0.005649, -0.937939, -0.346754)",
5.805251,"(0.09874, -0.062999, -0.009)","(-0.186412, 0.966224, 0.177937)","(0.558297, -0.582845, 0.59042)","(0.721924, -0.670259, -0.171982)","(0.983138, 0.1353, 0.123019)","(0.549308, -0.296053, 0.781418)","(-0.139216, -0.892922, 0.428147)","(0.042045, -0.927502, 0.371446)","(-0.129394, -0.82597, -0.548663)","(0.029283, -0.934228, -0.355473)",
5.838519,"(0.083748, -0.07406, -0.010024)","(-0.198037, 0.960259, 0.196683)","(0.405701, -0.654291, 0.638209)","(0.742283, -0.659604, -0.118062)","(0.973299, 0.162316, 0.162307)","(0.484366, -0.271271, 0.831746)","(-0.097367, -0.896941, 0.431296)","(0.026268, -0.910939, 0.411704)","(-0.170427, -0.811776, -0.558546)","(0.061001, -0.921551, -0.383434)",
5.872924,"(0.067193, -0.091306, -0.011262)","(-0.208105, 0.954849, 0.212028)","(0.215369, -0.731531, 0.6469)","(0.762514, -0.643675, -0.065231)","(0.956812, 0.2167, 0.193783)","(0.416454, -0.206786, 0.885328)","(-0.049992, -0.895112, 0.443029)","(0.003162, -0.887795, 0.460229)","(-0.21185, -0.790278, -0.574961)","(0.105694, -0.899479, -0.423988)",
5.905304,"(0.05103, -0.109947, -0.011885)","(-0.215663, 0.950589, 0.223317)","(0.019448, -0.799104, 0.600878)","(0.774112, -0.633013, -0.006704)","(0.928256, 0.274911, 0.250527)","(0.342642, -0.108951, 0.933127)","(-0.005424, -0.890154, 0.455627)","(-0.021753, -0.865004, 0.501293)","(-0.248201, -0.768324, -0.589978)","(0.153058, -0.873249, -0.462612)",
5.938246,"(0.034172, -0.127681, -0.012383)","(-0.221415, 0.947134, 0.232189)","(-0.179742, -0.861649, 0.474609)","(0.767243, -0.637704, 0.06836)","(0.873814, 0.324339, 0.362288)","(0.258245, 0.026408, 0.965718)","(0.035472, -0.88451, 0.46517)","(-0.042879, -0.844911, 0.533186)","(-0.278096, -0.750533, -0.599468)","(0.197543, -0.846021, -0.495203)",
5.971889,"(0.017554, -0.140364, -0.012686)","(-0.225067, 0.944663, 0.238657)","(-0.353058, -0.898861, 0.259612)","(0.72982, -0.669861, 0.136564)","(0.777249, 0.327751, 0.537087)","(0.178204, 0.191472, 0.965185)","(0.068167, -0.88096, 0.468255)","(-0.05156, -0.831711, 0.55281)","(-0.293996, -0.742837, -0.601465)","(0.232115, -0.824023, -0.516826)",
6.004979,"(0.001928, -0.145643, -0.012843)","(-0.2265, 0.943224, 0.242955)","(-0.468889, -0.883252, -0.003071)","(0.657167, -0.720438, 0.221586)","(0.621024, 0.241825, 0.745553)","(0.111872, 0.356712, 0.927492)","(0.094516, -0.878498, 0.468304)","(-0.042987, -0.826522, 0.56126)","(-0.287739, -0.744924, -0.60191)","(0.259595, -0.809903, -0.525993)",
6.038372,"(-0.013324, -0.144922, -0.012812)","(-0.226207, 0.942602, 0.245626)","(-0.510091, -0.819792, -0.260283)","(0.557412, -0.765405, 0.321632)","(0.39656, 0.085465, 0.914022)","(0.057428, 0.492488, 0.868423)","(0.115055, -0.878358, 0.46395)","(-0.024555, -0.82642, 0.562518)","(-0.266872, -0.755547, -0.598271)","(0.281232, -0.802071, -0.526869)",
6.071101,"(-0.029494, -0.137154, -0.012616)","(-0.223892, 0.942824, 0.246892)","(-0.480281, -0.743088, -0.465994)","(0.445775, -0.793113, 0.415038)","(0.127108, -0.110238, 0.985744)","(-0.010487, 0.575247, 0.817913)","(0.126168, -0.88439, 0.449373)","(-0.010388, -0.825448, 0.564382)","(-0.233299, -0.777454, -0.58407)","(0.283643, -0.797423, -0.532601)",
6.104379,"(-0.045961, -0.122559, -0.012265)","(-0.219408, 0.943919, 0.246734)","(-0.42277, -0.68434, -0.594091)","(0.345096, -0.803912, 0.48439)","(-0.122007, -0.31067, 0.942655)","(-0.111073, 0.59867, 0.793258)","(0.124981, -0.897796, 0.422305)","(-0.001008, -0.825894, 0.563825)","(-0.189398, -0.808274, -0.557514)","(0.265261, -0.799627, -0.538733)",
6.138824,"(-0.061963, -0.104465, -0.011845)","(-0.213044, 0.945783, 0.245167)","(-0.373364, -0.646909, -0.664912)","(0.259218, -0.801889, 0.538312)","(-0.314973, -0.471862, 0.823492)","(-0.234642, 0.585546, 0.775937)","(0.114797, -0.91578, 0.384927)","(0.00872, -0.828252, 0.560288)","(-0.139416, -0.842481, -0.520375)","(0.237367, -0.809449, -0.537076)",
6.171742,"(-0.077613, -0.08596, -0.010984)","(-0.204689, 0.948435, 0.242019)","(-0.336068, -0.612547, -0.715433)","(0.174349, -0.78583, 0.593358)","(-0.462671, -0.56807, 0.680611)","(-0.365354, 0.562281, 0.741861)","(0.100922, -0.93544, 0.338772)","(0.019451, -0.829739, 0.557813)","(-0.087185, -0.87572, -0.474881)","(0.195512, -0.822721, -0.533765)",
6.204135,"(-0.092508, -0.070865, -0.009912)","(-0.194488, 0.951814, 0.237119)","(-0.305492, -0.565719, -0.765922)","(0.084959, -0.753411, 0.652039)","(-0.581358, -0.594979, 0.554999)","(-0.48766, 0.544383, 0.682522)","(0.088018, -0.952447, 0.291715)","(0.032584, -0.825094, 0.564055)","(-0.038346, -0.902638, -0.428689)","(0.14122, -0.83644, -0.529552)",
6.238573,"(-0.106921, -0.061123, -0.008534)","(-0.182029, 0.95603, 0.229939)","(-0.275662, -0.500921, -0.82042)","(-0.017337, -0.704054, 0.709935)","(-0.689481, -0.561725, 0.457255)","(-0.594796, 0.536333, 0.598803)","(0.079319, -0.964643, 0.25134)","(0.052119, -0.811408, 0.582152)","(0.005686, -0.920752, -0.390106)","(0.075875, -0.84806, -0.52444)",
6.272059,"(-0.120737, -0.058208, -0.0067)","(-0.16694, 0.961177, 0.219705)","(-0.251348, -0.426217, -0.869002)","(-0.132667, -0.634002, 0.761866)","(-0.788496, -0.478188, 0.386794)","(-0.68244, 0.538919, 0.493804)","(0.070784, -0.970547, 0.230277)","(0.083435, -0.792613, 0.603989)","(0.036532, -0.926921, -0.373473)","(0.005964, -0.853163, -0.521611)",
6.304231,"(-0.132598, -0.062373, -0.004427)","(-0.150474, 0.966771, 0.206667)","(-0.247152, -0.361323, -0.899089)","(-0.253788, -0.555935, 0.791535)","(-0.861183, -0.37318, 0.34511)","(-0.741553, 0.547858, 0.387235)","(0.050935, -0.969838, 0.238371)","(0.131063, -0.771202, 0.622953)","(0.056765, -0.920032, -0.38771)","(-0.06901, -0.850604, -0.521258)",
6.338695,"(-0.142461, -0.072529, -0.001712)","(-0.133088, 0.972592, 0.190662)","(-0.268687, -0.311529, -0.911459)","(-0.372874, -0.471054, 0.799421)","(-0.904535, -0.270684, 0.329465)","(-0.779732, 0.558302, 0.283403)","(0.015435, -0.964161, 0.26487)","(0.197244, -0.74416, 0.638217)","(0.087354, -0.901761, -0.423317)","(-0.158804, -0.841478, -0.516426)",
6.371127,"(-0.151254, -0.088646, 0.001859)","(-0.112885, 0.979157, 0.168847)","(-0.315205, -0.273022, -0.908903)","(-0.500877, -0.37118, 0.781887)","(-0.92487, -0.174999, 0.337624)","(-0.803605, 0.568442, 0.176334)","(-0.046297, -0.954869, 0.293396)","(0.285911, -0.710438, 0.643065)","(0.145653, -0.871398, -0.468457)","(-0.272839, -0.824563, -0.495636)",
6.403977,"(-0.157967, -0.10656, 0.005872)","(-0.091931, 0.985595, 0.141954)","(-0.370783, -0.244479, -0.895963)","(-0.61507, -0.2683, 0.741421)","(-0.928795, -0.088006, 0.359992)","(-0.817481, 0.568687, 0.091214)","(-0.128171, -0.944813, 0.301496)","(0.374418, -0.67886, 0.631633)","(0.225615, -0.836452, -0.499446)","(-0.382483, -0.802651, -0.457667)",
6.438042,"(-0.162808, -0.122716, 0.009767)","(-0.070306, 0.991577, 0.108773)","(-0.425962, -0.230193, -0.874967)","(-0.707961, -0.173731, 0.68455)","(-0.922015, -0.007991, 0.387071)","(-0.829854, 0.557153, 0.0304)","(-0.212242, -0.935022, 0.284054)","(0.447971, -0.651751, 0.612)","(0.307514, -0.80494, -0.507451)","(-0.470358, -0.782165, -0.408634)",
6.471681,"(-0.166097, -0.135232, 0.012855)","(-0.04628, 0.996833, 0.064674)","(-0.483025, -0.236582, -0.84304)","(-0.782655, -0.098063, 0.614682)","(-0.904883, 0.066346, 0.420458)","(-0.846468, 0.53213, -0.018158)","(-0.283799, -0.925504, 0.250799)","(0.501776, -0.629404, 0.593357)","(0.373675, -0.781635, -0.499414)","(-0.53564, -0.76714, -0.352968)",
6.505027,"(-0.16748, -0.140968, 0.014199)","(-0.022105, 0.999642, 0.015065)","(-0.530259, -0.272119, -0.80298)","(-0.833804, -0.059222, 0.548875)","(-0.881635, 0.117291, 0.457124)","(-0.864152, 0.499781, -0.058825)","(-0.325779, -0.91846, 0.224274)","(0.528495, -0.614599, 0.585628)","(0.402562, -0.772042, -0.491828)","(-0.575801, -0.762404, -0.295285)",
6.538136,"(-0.167118, -0.139906, 0.01398)","(0.002048, 0.999623, -0.027392)","(-0.566245, -0.330017, -0.755285)","(-0.867651, -0.058525, 0.493717)","(-0.854915, 0.142679, 0.498762)","(-0.880286, 0.463887, -0.099526)","(-0.332662, -0.916545, 0.221994)","(0.523593, -0.628517, 0.575167)","(0.407789, -0.777093, -0.47941)","(-0.570062, -0.754824, -0.324453)",
6.570607,"(-0.165183, -0.132516, 0.012211)","(0.025201, 0.998547, -0.047631)","(-0.588585, -0.401575, -0.701645)","(-0.887533, -0.091894, 0.451487)","(-0.828092, 0.137582, 0.543447)","(-0.892051, 0.429602, -0.140311)","(-0.311712, -0.920019, 0.237487)","(0.495976, -0.65815, 0.566434)","(0.38693, -0.793538, -0.469662)","(-0.528129, -0.753592, -0.391381)",
6.605204,"(-0.161364, -0.118291, 0.008719)","(0.049451, 0.997847, -0.043088)","(-0.597888, -0.488176, -0.635778)","(-0.897979, -0.163432, 0.408564)","(-0.79879, 0.093954, 0.594228)","(-0.899117, 0.396586, -0.185227)","(-0.26381, -0.928541, 0.261183)","(0.444667, -0.696143, 0.563611)","(0.332702, -0.82158, -0.462943)","(-0.450368, -0.764308, -0.461521)",
6.638629,"(-0.15608, -0.101011, 0.0047)","(0.071588, 0.997354, -0.012664)","(-0.595888, -0.567754, -0.567956)","(-0.887574, -0.257427, 0.382025)","(-0.766321, 0.021682, 0.642092)","(-0.903512, 0.371028, -0.214486)","(-0.200806, -0.939293, 0.278218)","(0.37749, -0.736897, 0.560789)","(0.259637, -0.854619, -0.449683)","(-0.344298, -0.781886, -0.519725)",
6.672067,"(-0.14908, -0.083258, 0.000836)","(0.092788, 0.995054, 0.035457)","(-0.588456, -0.635476, -0.49989)","(-0.841779, -0.367905, 0.395037)","(-0.720112, -0.071516, 0.690162)","(-0.912378, 0.348911, -0.214072)","(-0.135875, -0.950287, 0.280164)","(0.301667, -0.780148, 0.548057)","(0.181657, -0.888164, -0.422097)","(-0.212636, -0.801009, -0.559617)",1
6.704222,"(-0.140508, -0.068942, -0.002408)","(0.112277, 0.990098, 0.084256)","(-0.584701, -0.683669, -0.436718)","(-0.755801, -0.477383, 0.448186)","(-0.65186, -0.167594, 0.739588)","(-0.927487, 0.32723, -0.180801)","(-0.085354, -0.958745, 0.271151)","(0.23303, -0.821154, 0.520964)","(0.11623, -0.915, -0.38635)","(-0.081687, -0.816108, -0.572097)",
6.738391,"(-0.130563, -0.060422, -0.004982)","(0.129715, 0.983669, 0.12478)","(-0.5909, -0.711916, -0.379491)","(-0.633044, -0.569676, 0.524142)","(-0.55927, -0.2488, 0.790769)","(-0.945859, 0.300655, -0.122303)","(-0.055238, -0.962397, 0.265972)","(0.183643, -0.854032, 0.486729)","(0.069064, -0.931341, -0.357538)","(0.032885, -0.827429, -0.560606)",
6.77049,"(-0.118642, -0.05829, -0.007117)","(0.14597, 0.976517, 0.158454)","(-0.606153, -0.72715, -0.322229)","(-0.469038, -0.64499, 0.603317)","(-0.441215, -0.302622, 0.844837)","(-0.963054, 0.266194, -0.040841)","(-0.039166, -0.960012, 0.277206)","(0.150536, -0.876963, 0.456371)","(0.037474, -0.936925, -0.347517)","(0.121744, -0.832192, -0.540957)",
6.804431,"(-0.105057, -0.063392, -0.008806)","(0.160336, 0.969539, 0.185167)","(-0.623345, -0.735927, -0.264298)","(-0.275044, -0.701177, 0.657801)","(-0.310302, -0.309971, 0.898683)","(-0.971749, 0.229775, 0.053924)","(-0.025164, -0.95022, 0.310563)","(0.120321, -0.886473, 0.446866)","(0.012358, -0.931221, -0.364246)","(0.182786, -0.827688, -0.530586)",
6.838089,"(-0.091423, -0.074238, -0.009997)","(0.171541, 0.963746, 0.204371)","(-0.635521, -0.742888, -0.210313)","(-0.087913, -0.741965, 0.66465)","(-0.188219, -0.268348, 0.944756)","(-0.968765, 0.203795, 0.141288)","(-0.008791, -0.934937, 0.354704)","(0.08845, -0.88733, 0.452573)","(-0.016509, -0.91635, -0.400039)","(0.224334, -0.815594, -0.533367)",
6.87217,"(-0.07586, -0.090935, -0.010827)","(0.181438, 0.958373, 0.220456)","(-0.640778, -0.753448, -0.147378)","(0.116966, -0.767174, 0.630684)","(-0.060609, -0.173845, 0.982906)","(-0.954147, 0.18305, 0.236847)","(0.011303, -0.91314, 0.40749)","(0.050772, -0.882821, 0.466958)","(-0.060954, -0.89257, -0.446771)","(0.261651, -0.796586, -0.544968)",
6.904189,"(-0.058949, -0.110361, -0.011777)","(0.18935, 0.953847, 0.233074)","(-0.635347, -0.770032, -0.058177)","(0.29876, -0.787962, 0.538386)","(0.066514, -0.031481, 0.997289)","(-0.91957, 0.169743, 0.354371)","(0.03101, -0.888381, 0.458058)","(0.010766, -0.874337, 0.4852)","(-0.11653, -0.864381, -0.489149)","(0.294184, -0.775838, -0.558149)",
6.938279,"(-0.04169, -0.127688, -0.012197)","(0.19501, 0.950367, 0.242432)","(-0.610093, -0.790111, 0.059255)","(0.434487, -0.808672, 0.396574)","(0.178211, 0.134924, 0.974698)","(-0.853842, 0.163135, 0.494308)","(0.044798, -0.867352, 0.495675)","(-0.026485, -0.866127, 0.499121)","(-0.171672, -0.837329, -0.519046)","(0.317794, -0.760103, -0.56679)",
6.971575,"(-0.023678, -0.140228, -0.012457)","(0.19866, 0.947812, 0.249374)","(-0.555402, -0.812807, 0.175707)","(0.501975, -0.842161, 0.196941)","(0.266242, 0.310135, 0.912651)","(-0.741234, 0.156042, 0.652857)","(0.04774, -0.853044, 0.519651)","(-0.060214, -0.860273, 0.506266)","(-0.220871, -0.814879, -0.5359)","(0.329292, -0.753812, -0.568625)",
7.004056,"(-0.005736, -0.146132, -0.012602)","(0.200262, 0.946213, 0.254117)","(-0.471736, -0.83123, 0.294146)","(0.50763, -0.861495, -0.011729)","(0.322481, 0.464274, 0.824898)","(-0.587368, 0.124922, 0.799621)","(0.037301, -0.847439, 0.529582)","(-0.091573, -0.856081, 0.508664)","(-0.259603, -0.799031, -0.542361)","(0.322132, -0.756249, -0.569489)",
7.038525,"(0.013467, -0.14497, -0.012574)","(0.199842, 0.94546, 0.257234)","(-0.358771, -0.83357, 0.420054)","(0.467138, -0.85309, -0.232422)","(0.360733, 0.581163, 0.729466)","(-0.393448, 0.038955, 0.918521)","(0.014154, -0.848585, 0.528869)","(-0.120852, -0.855504, 0.503495)","(-0.284649, -0.790338, -0.542532)","(0.299192, -0.768881, -0.565072)",
7.072291,"(0.030884, -0.137284, -0.012404)","(0.197529, 0.945584, 0.258559)","(-0.261328, -0.81815, 0.512189)","(0.419454, -0.807747, -0.41425)","(0.406059, 0.628539, 0.663366)","(-0.203859, -0.097852, 0.974098)","(-0.008615, -0.850217, 0.526362)","(-0.140216, -0.861414, 0.488165)","(-0.27126, -0.78976, -0.55018)","(0.271307, -0.789878, -0.549986)",
7.105405,"(0.048683, -0.123031, -0.012058)","(0.193104, 0.946498, 0.258558)","(-0.167098, -0.797148, 0.580201)","(0.3699, -0.737793, -0.564654)","(0.464875, 0.631822, 0.620235)","(-0.002523, -0.279361, 0.960183)","(-0.036032, -0.853302, 0.52017)","(-0.150056, -0.87473, 0.460794)","(-0.22515, -0.798375, -0.558485)","(0.239188, -0.819086, -0.521428)",
7.138234,"(0.066049, -0.104438, -0.01153)","(0.186514, 0.948218, 0.25709)","(-0.081634, -0.774034, 0.62786)","(0.325493, -0.668886, -0.668316)","(0.534754, 0.604444, 0.590496)","(0.194516, -0.449704, 0.871739)","(-0.06982, -0.85838, 0.50824)","(-0.150092, -0.893609, 0.423008)","(-0.160782, -0.815262, -0.556325)","(0.202456, -0.852629, -0.481701)",
7.171671,"(0.082574, -0.085297, -0.010609)","(0.177735, 0.950753, 0.253928)","(0.000651, -0.74453, 0.667589)","(0.289946, -0.609213, -0.7381)","(0.604289, 0.571591, 0.555085)","(0.377795, -0.557008, 0.739603)","(-0.106098, -0.862706, 0.494451)","(-0.14386, -0.914253, 0.378744)","(-0.0896, -0.834656, -0.543435)","(0.162408, -0.885245, -0.43585)",
7.20437,"(0.097144, -0.070607, -0.009738)","(0.167534, 0.953857, 0.249177)","(0.077415, -0.707539, 0.702422)","(0.266107, -0.554798, -0.788281)","(0.662442, 0.550259, 0.508317)","(0.530874, -0.587838, 0.610426)","(-0.137522, -0.861634, 0.488544)","(-0.135762, -0.930796, 0.339392)","(-0.018622, -0.85091, -0.524981)","(0.125136, -0.910109, -0.395022)",
7.239048,"(0.110834, -0.061101, -0.008335)","(0.15516, 0.95773, 0.242237)","(0.159046, -0.661906, 0.732519)","(0.251115, -0.495932, -0.83126)","(0.710334, 0.542599, 0.448343)","(0.665849, -0.558375, 0.494836)","(-0.164412, -0.855251, 0.491442)","(-0.129106, -0.942363, 0.308682)","(0.061969, -0.860711, -0.505308)","(0.090851, -0.926685, -0.364692)",
7.271549,"(0.123721, -0.058192, -0.006554)","(0.140266, 0.962456, 0.232387)","(0.241667, -0.600279, 0.762405)","(0.247835, -0.43382, -0.866243)","(0.748384, 0.548017, 0.373631)","(0.778305, -0.48171, 0.402737)","(-0.192639, -0.842367, 0.503297)","(-0.124042, -0.947269, 0.295457)","(0.136408, -0.859703, -0.492244)","(0.067329, -0.933081, -0.353307)",
7.303872,"(0.134744, -0.062146, -0.00434)","(0.12393, 0.967651, 0.219757)","(0.32642, -0.533445, 0.780312)","(0.260155, -0.377633, -0.888658)","(0.771729, 0.561585, 0.298422)","(0.855721, -0.385706, 0.344925)","(-0.231302, -0.819705, 0.524007)","(-0.115607, -0.945072, 0.305736)","(0.198545, -0.851321, -0.485626)","(0.055373, -0.928527, -0.367113)",
7.337506,"(0.144146, -0.072405, -0.001594)","(0.106076, 0.97328, 0.203654)","(0.41153, -0.456904, 0.788594)","(0.287185, -0.328794, -0.899677)","(0.785515, 0.576851, 0.224072)","(0.902513, -0.287649, 0.320513)","(-0.282092, -0.78817, 0.547003)","(-0.098916, -0.937033, 0.33494)","(0.265908, -0.83769, -0.477041)","(0.04256, -0.913104, -0.405498)",
7.371037,"(0.152111, -0.087985, 0.001835)","(0.086346, 0.979362, 0.18274)","(0.498931, -0.368885, 0.784214)","(0.328089, -0.28955, -0.899177)","(0.792434, 0.590443, 0.153055)","(0.924851, -0.195986, 0.325945)","(-0.34278, -0.749949, 0.565755)","(-0.06587, -0.925138, 0.373874)","(0.341042, -0.819292, -0.460925)","(0.018199, -0.887442, -0.460561)",
7.404917,"(0.158603, -0.106567, 0.005959)","(0.064511, 0.985785, 0.155137)","(0.584386, -0.275477, 0.763286)","(0.381221, -0.257537, -0.887888)","(0.795897, 0.60019, 0.079494)","(0.931465, -0.103812, 0.348706)","(-0.407939, -0.707797, 0.576723)","(-0.010178, -0.912164, 0.409698)","(0.416123, -0.799334, -0.433483)","(-0.027773, -0.854469, -0.51876)",
7.438225,"(0.163301, -0.123497, 0.010017)","(0.041611, 0.991884, 0.120143)","(0.659811, -0.194339, 0.725867)","(0.438529, -0.24028, -0.866001)","(0.797901, 0.60278, 0.003256)","(0.926069, -0.016706, 0.376985)","(-0.465467, -0.668166, 0.580427)","(0.058821, -0.902032, 0.427643)","(0.477837, -0.783887, -0.396475)","(-0.0885, -0.821949, -0.562644)",
7.471552,"(0.166166, -0.135092, 0.012857)","(0.019012, 0.996718, 0.078695)","(0.720762, -0.140145, 0.678868)","(0.491896, -0.246513, -0.835027)","(0.802412, 0.592696, -0.069625)","(0.912283, 0.052565, 0.406174)","(-0.506326, -0.636661, 0.581633)","(0.120955, -0.896018, 0.427225)","(0.518053, -0.776628, -0.358428)","(-0.141396, -0.798009, -0.585823)",
7.504258,"(0.16748, -0.140884, 0.014188)","(-0.004666, 0.999537, 0.030069)","(0.773038, -0.112877, 0.624237)","(0.543755, -0.274446, -0.793101)","(0.810207, 0.569802, -0.137443)","(0.891521, 0.10676, 0.44022)","(-0.532399, -0.610657, 0.586216)","(0.166943, -0.89381, 0.416213)","(0.541968, -0.779745, -0.313479)","(-0.171737, -0.783987, -0.596549)",
7.539102,"(0.167128, -0.14014, 0.01402)","(-0.028409, 0.999515, -0.012792)","(0.815996, -0.114638, 0.566576)","(0.587393, -0.323219, -0.741956)","(0.823496, 0.534366, -0.190546)","(0.868223, 0.135814, 0.477225)","(-0.527675, -0.619348, 0.58135)","(0.186642, -0.892151, 0.411378)","(0.532432, -0.774807, -0.340868)","(-0.191245, -0.787248, -0.58623)",
7.570342,"(0.164957, -0.132627, 0.012195)","(-0.052517, 0.997987, -0.035541)","(0.84971, -0.140912, 0.508071)","(0.619743, -0.392231, -0.679761)","(0.844903, 0.487125, -0.221015)","(0.845893, 0.131349, 0.516926)","(-0.496338, -0.654093, 0.570799)","(0.184185, -0.893461, 0.409638)","(0.491652, -0.768583, -0.409338)","(-0.194293, -0.805108, -0.560402)",
7.605386,"(0.160707, -0.118523, 0.008716)","(-0.0766, 0.996525, -0.032718)","(0.877796, -0.1946, 0.437727)","(0.641879, -0.470264, -0.605675)","(0.875673, 0.427468, -0.224649)","(0.824565, 0.09024, 0.558525)","(-0.446594, -0.696524, 0.561612)","(0.163351, -0.900493, 0.403024)","(0.421086, -0.773298, -0.474023)","(-0.171329, -0.833159, -0.525826)",
7.637225,"(0.154675, -0.101029, 0.0046)","(-0.098964, 0.99508, -0.004777)","(0.887414, -0.255908, 0.383416)","(0.65363, -0.543835, -0.526319)","(0.910881, 0.360276, -0.201238)","(0.803328, 0.021213, 0.595159)","(-0.385216, -0.740852, 0.550224)","(0.131348, -0.91148, 0.389811)","(0.32515, -0.786806, -0.524608)","(-0.132234, -0.865324, -0.483454)",
7.671602,"(0.146777, -0.083296, 0.000708)","(-0.120013, 0.99198, 0.039657)","(0.872092, -0.324291, 0.366459)","(0.659885, -0.604794, -0.445843)","(0.94432, 0.290123, -0.155207)","(0.775153, -0.06572, 0.628346)","(-0.318991, -0.783997, 0.532535)","(0.098387, -0.92391, 0.369744)","(0.215652, -0.80478, -0.553013)","(-0.088971, -0.896091, -0.434862)",
7.705267,"(0.136975, -0.068809, -0.002592)","(-0.139614, 0.986502, 0.085569)","(0.831576, -0.393002, 0.392468)","(0.668061, -0.64655, -0.368331)","(0.970402, 0.224607, -0.088726)","(0.733284, -0.156278, 0.661719)","(-0.257874, -0.822838, 0.506398)","(0.072536, -0.93426, 0.349138)","(0.102728, -0.821587, -0.560751)","(-0.049926, -0.920054, -0.388597)",
7.738384,"(0.126211, -0.060542, -0.00511)","(-0.156341, 0.980133, 0.122054)","(0.771778, -0.45272, 0.446547)","(0.681354, -0.66738, -0.3006)","(0.984607, 0.174074, -0.015757)","(0.681273, -0.228966, 0.695299)","(-0.213122, -0.854831, 0.473121)","(0.058186, -0.939135, 0.338585)","(0.001663, -0.830986, -0.556292)","(-0.019865, -0.933206, -0.358792)",
7.771417,"(0.112749, -0.058264, -0.007189)","(-0.172831, 0.972811, 0.15417)","(0.678097, -0.517207, 0.52219)","(0.70133, -0.674194, -0.231513)","(0.988228, 0.139204, 0.063467)","(0.614771, -0.281913, 0.736601)","(-0.175629, -0.88123, 0.438848)","(0.050713, -0.937291, 0.344838)","(-0.080812, -0.832119, -0.548678)","(0.005513, -0.937938, -0.34676)",
7.804941,"(0.098523, -0.063119, -0.009021)","(-0.186598, 0.966131, 0.178249)","(0.556259, -0.583866, 0.591334)","(0.722236, -0.67014, -0.171135)","(0.98302, 0.135476, 0.123762)","(0.548325, -0.295981, 0.782135)","(-0.138612, -0.893012, 0.428155)","(0.041867, -0.927301, 0.371968)","(-0.129993, -0.825827, -0.548737)","(0.029679, -0.934112, -0.355743)",
7.838428,"(0.083468, -0.074316, -0.010036)","(-0.19823, 0.960158, 0.196983)","(0.40263, -0.655616, 0.638793)","(0.742648, -0.65936, -0.117127)","(0.973078, 0.163079, 0.162865)","(0.483186, -0.27046, 0.832696)","(-0.096569, -0.896969, 0.431417)","(0.025909, -0.910583, 0.412513)","(-0.17117, -0.811442, -0.558805)","(0.06168, -0.921232, -0.384093)",
7.871672,"(0.066783, -0.091774, -0.011275)","(-0.208324, 0.954729, 0.212353)","(0.210433, -0.733371, 0.64644)","(0.762967, -0.643268, -0.063933)","(0.956283, 0.218255, 0.194649)","(0.414754, -0.204744, 0.8866)","(-0.048813, -0.895017, 0.443353)","(0.002539, -0.887204, 0.46137)","(-0.212826, -0.789701, -0.575394)","(0.106902, -0.898844, -0.425031)",
7.904817,"(0.050805, -0.110207, -0.011893)","(-0.215755, 0.950536, 0.223452)","(0.016721, -0.799968, 0.59981)","(0.774178, -0.632941, -0.005802)","(0.927733, 0.27568, 0.251618)","(0.341534, -0.107347, 0.933719)","(-0.004831, -0.890072, 0.455794)","(-0.022093, -0.8647, 0.501803)","(-0.24867, -0.768034, -0.590159)","(0.15371, -0.872869, -0.463113)",
7.93833,"(0.033858, -0.127978, -0.012391)","(-0.221502, 0.947079, 0.232332)","(-0.183301, -0.86267, 0.471382)","(0.766865, -0.637996, 0.069851)","(0.872454, 0.325004, 0.364961)","(0.256664, 0.029232, 0.966059)","(0.036166, -0.884415, 0.465298)","(-0.04318, -0.84459, 0.53367)","(-0.278545, -0.750279, -0.599579)","(0.19829, -0.845541, -0.495724)",
7.971006,"(0.017593, -0.140341, -0.012685)","(-0.225062, 0.944667, 0.238644)","(-0.352701, -0.898828, 0.260211)","(0.729947, -0.669752, 0.136413)","(0.777544, 0.32783, 0.536613)","(0.178375, 0.191056, 0.965236)","(0.0681, -0.880966, 0.468254)","(-0.051559, -0.831733, 0.552777)","(-0.293979, -0.742842, -0.601467)","(0.232044, -0.824067, -0.516788)",
8.005277,"(0.001983, -0.145635, -0.012843)","(-0.226499, 0.943227, 0.242942)","(-0.468586, -0.883415, -0.002093)","(0.657495, -0.720246, 0.221238)","(0.621717, 0.242285, 0.744826)","(0.11207, 0.35614, 0.927688)","(0.094427, -0.878506, 0.468307)","(-0.043045, -0.82653, 0.561245)","(-0.287796, -0.744903, -0.601908)","(0.259504, -0.80994, -0.52598)",
8.038886,"(-0.01315, -0.144957, -0.012814)","(-0.226221, 0.942604, 0.245604)","(-0.510024, -0.820696, -0.257553)","(0.55865, -0.764975, 0.320505)","(0.399431, 0.087461, 0.912582)","(0.057998, 0.491158, 0.869138)","(0.11486, -0.878339, 0.464034)","(-0.024778, -0.826408, 0.562526)","(-0.267156, -0.755383, -0.598352)","(0.281034, -0.802133, -0.526881)",
8.070915,"(-0.029484, -0.137161, -0.012616)","(-0.223894, 0.942823, 0.246893)","(-0.480315, -0.743129, -0.465893)","(0.445843, -0.793102, 0.414986)","(0.127271, -0.110116, 0.985737)","(-0.010439, 0.575214, 0.817936)","(0.126165, -0.884384, 0.449386)","(-0.010393, -0.82545, 0.56438)","(-0.233323, -0.777437, -0.584082)","(0.283648, -0.797425, -0.532595)",
8.105653,"(-0.045139, -0.123415, -0.012287)","(-0.219679, 0.943845, 0.246775)","(-0.425658, -0.686692, -0.589296)","(0.349678, -0.803696, 0.481455)","(-0.110759, -0.301051, 0.947154)","(-0.10515, 0.598678, 0.794058)","(0.125311, -0.896973, 0.423954)","(-0.00145, -0.82579, 0.563976)","(-0.191776, -0.806592, -0.559134)","(0.266535, -0.799317, -0.538565)",
8.138474,"(-0.062073, -0.104332, -0.01184)","(-0.212994, 0.945799, 0.245151)","(-0.373072, -0.646699, -0.66528)","(0.258648, -0.801833, 0.53867)","(-0.316125, -0.472794, 0.822515)","(-0.235552, 0.585378, 0.775789)","(0.114703, -0.915917, 0.384629)","(0.008791, -0.828271, 0.560259)","(-0.139053, -0.842722, -0.520081)","(0.237141, -0.809536, -0.537043)",
8.171558,"(-0.077596, -0.085979, -0.010985)","(-0.204699, 0.948432, 0.242023)","(-0.336104, -0.612589, -0.715381)","(0.174446, -0.785857, 0.593294)","(-0.462526, -0.568002, 0.680767)","(-0.365209, 0.562306, 0.741913)","(0.100938, -0.935419, 0.338827)","(0.019438, -0.829739, 0.557813)","(-0.087243, -0.875686, -0.474935)","(0.195568, -0.822706, -0.533768)",
8.204772,"(-0.09283, -0.070584, -0.009886)","(-0.19424, 0.951896, 0.23699)","(-0.304837, -0.564495, -0.767086)","(0.082892, -0.752501, 0.653354)","(-0.58379, -0.59488, 0.552547)","(-0.490206, 0.544082, 0.680935)","(0.087767, -0.952776, 0.290716)","(0.032922, -0.824901, 0.564318)","(-0.037322, -0.903145, -0.427712)","(0.139902, -0.836731, -0.529442)",
8.23848,"(-0.107645, -0.060794, -0.008452)","(-0.181326, 0.95627, 0.229499)","(-0.274131, -0.497165, -0.823213)","(-0.023049, -0.701117, 0.712673)","(-0.694825, -0.558525, 0.453066)","(-0.599735, 0.53619, 0.593985)","(0.078983, -0.965114, 0.249634)","(0.053381, -0.810486, 0.583321)","(0.00775, -0.921404, -0.388529)","(0.07226, -0.848526, -0.524197)",
8.270155,"(-0.120498, -0.058196, -0.006738)","(-0.167233, 0.961077, 0.219919)","(-0.251674, -0.427568, -0.868243)","(-0.130407, -0.635314, 0.761164)","(-0.786868, -0.480039, 0.387815)","(-0.681106, 0.538816, 0.495753)","(0.070992, -0.970501, 0.23041)","(0.08274, -0.792978, 0.603607)","(0.036111, -0.926933, -0.373485)","(0.007244, -0.853139, -0.521633)",
8.304914,"(-0.132079, -0.062028, -0.004544)","(-0.15128, 0.966499, 0.20735)","(-0.246805, -0.364102, -0.898063)","(-0.24813, -0.559842, 0.790575)","(-0.858386, -0.378313, 0.346487)","(-0.739159, 0.547467, 0.39233)","(0.052226, -0.970007, 0.237402)","(0.128378, -0.772313, 0.622135)","(0.055805, -0.920645, -0.386391)","(-0.06519, -0.850878, -0.521303)",
8.338293,"(-0.142778, -0.072985, -0.001607)","(-0.132451, 0.972802, 0.190032)","(-0.2699, -0.309996, -0.911623)","(-0.377091, -0.467922, 0.799282)","(-0.90561, -0.267219, 0.329339)","(-0.780728, 0.558719, 0.279816)","(0.013841, -0.963891, 0.265937)","(0.199913, -0.743099, 0.638622)","(0.088808, -0.900928, -0.424786)","(-0.162292, -0.841034, -0.516065)",
8.37074,"(-0.151251, -0.088639, 0.001857)","(-0.112893, 0.979154, 0.168856)","(-0.315184, -0.273035, -0.908907)","(-0.500831, -0.371219, 0.781898)","(-0.924867, -0.175033, 0.337617)","(-0.803598, 0.568439, 0.176371)","(-0.04627, -0.954873, 0.293389)","(0.285876, -0.710451, 0.643067)","(0.145626, -0.87141, -0.468442)","(-0.272796, -0.82457, -0.495647)",
8.404897,"(-0.15798, -0.106602, 0.005882)","(-0.091882, 0.98561, 0.141884)","(-0.370915, -0.244425, -0.895923)","(-0.615315, -0.268061, 0.741303)","(-0.928791, -0.087809, 0.360053)","(-0.817508, 0.568675, 0.091047)","(-0.128377, -0.94479, 0.301482)","(0.374614, -0.678791, 0.631591)","(0.225817, -0.83637, -0.499491)","(-0.382723, -0.802597, -0.457561)",
8.43719,"(-0.162939, -0.123199, 0.009889)","(-0.069571, 0.991763, 0.107547)","(-0.427776, -0.230044, -0.874121)","(-0.710681, -0.170849, 0.682454)","(-0.921635, -0.005491, 0.388019)","(-0.830292, 0.556589, 0.028716)","(-0.21489, -0.9347, 0.283122)","(0.450081, -0.650925, 0.611329)","(0.310059, -0.804012, -0.507375)","(-0.47285, -0.781565, -0.406901)",
8.472317,"(-0.166172, -0.135531, 0.012929)","(-0.04549, 0.996969, 0.063114)","(-0.484641, -0.237485, -0.841857)","(-0.78468, -0.096162, 0.612398)","(-0.904248, 0.068241, 0.42152)","(-0.847028, 0.53119, -0.01952)","(-0.285655, -0.925229, 0.249707)","(0.503045, -0.628825, 0.592895)","(0.375272, -0.781103, -0.499048)","(-0.537269, -0.766804, -0.351217)",
8.505686,"(-0.167467, -0.140905, 0.014185)","(-0.022744, 0.999607, 0.01638)","(-0.529124, -0.270883, -0.804145)","(-0.832703, -0.059751, 0.550486)","(-0.882313, 0.116219, 0.456088)","(-0.863681, 0.500717, -0.057782)","(-0.32506, -0.918601, 0.224742)","(0.52815, -0.614814, 0.585715)","(0.402247, -0.772125, -0.491956)","(-0.575077, -0.762458, -0.296554)",
8.538653,"(-0.167176, -0.140118, 0.014026)","(0.000843, 0.999671, -0.02562)","(-0.564858, -0.326461, -0.757864)","(-0.866285, -0.057662, 0.496212)","(-0.856247, 0.142224, 0.496602)","(-0.879551, 0.465724, -0.09743)","(-0.333146, -0.916498, 0.221462)","(0.524608, -0.62698, 0.575919)","(0.407976, -0.776497, -0.480218)","(-0.571681, -0.755319, -0.320428)",
8.571302,"(-0.165159, -0.132426, 0.01219)","(0.025399, 0.998539, -0.047698)","(-0.588704, -0.40226, -0.701153)","(-0.887664, -0.092342, 0.451138)","(-0.827865, 0.137381, 0.543844)","(-0.892133, 0.429312, -0.140675)","(-0.311433, -0.920069, 0.23766)","(0.495661, -0.658423, 0.566392)","(0.38662, -0.793721, -0.469608)","(-0.527659, -0.753634, -0.391933)",
8.605063,"(-0.161439, -0.11856, 0.008784)","(0.049071, 0.997853, -0.043369)","(-0.597845, -0.486785, -0.636884)","(-0.897922, -0.16202, 0.40925)","(-0.79929, 0.094936, 0.593399)","(-0.899049, 0.397062, -0.184534)","(-0.264759, -0.928374, 0.260815)","(0.445664, -0.69548, 0.563641)","(0.333791, -0.821059, -0.463084)","(-0.451895, -0.764067, -0.460427)",
8.638387,"(-0.156109, -0.101098, 0.00472)","(0.071487, 0.997359, -0.012863)","(-0.595919, -0.567396, -0.56828)","(-0.887689, -0.256937, 0.382089)","(-0.766497, 0.022085, 0.641868)","(-0.903488, 0.371136, -0.214404)","(-0.201126, -0.939239, 0.278169)","(0.377839, -0.736696, 0.560818)","(0.260012, -0.854455, -0.449778)","(-0.344865, -0.781793, -0.519488)",
8.672171,"(-0.149374, -0.083899, 0.000973)","(0.092012, 0.995195, 0.033464)","(-0.588756, -0.633223, -0.502389)","(-0.844273, -0.363572, 0.393725)","(-0.722204, -0.067763, 0.688353)","(-0.911917, 0.349719, -0.214717)","(-0.138186, -0.94989, 0.280382)","(0.304535, -0.778493, 0.548823)","(0.184497, -0.886961, -0.423393)","(-0.21789, -0.800335, -0.558559)",
8.704084,"(-0.140518, -0.068954, -0.002405)","(0.112259, 0.990104, 0.084209)","(-0.584701, -0.683629, -0.43678)","(-0.75591, -0.477276, 0.448116)","(-0.651942, -0.167499, 0.739538)","(-0.927469, 0.327254, -0.18085)","(-0.085397, -0.958738, 0.271161)","(0.233093, -0.821115, 0.520997)","(0.116288, -0.914977, -0.386386)","(-0.081815, -0.816096, -0.572097)",
8.73937,"(-0.130553, -0.060417, -0.004984)","(0.129731, 0.983662, 0.124815)","(-0.590911, -0.711935, -0.379437)","(-0.632907, -0.569756, 0.524221)","(-0.55917, -0.248869, 0.790818)","(-0.945877, 0.300625, -0.122236)","(-0.055217, -0.962397, 0.265976)","(0.183605, -0.854059, 0.486695)","(0.069028, -0.931351, -0.357521)","(0.032987, -0.827438, -0.560587)",
8.772181,"(-0.119054, -0.058249, -0.007056)","(0.145473, 0.976747, 0.157487)","(-0.605566, -0.726814, -0.324085)","(-0.474883, -0.642882, 0.600989)","(-0.44531, -0.30149, 0.843091)","(-0.962593, 0.267397, -0.043753)","(-0.03954, -0.960199, 0.276506)","(0.151429, -0.876433, 0.457094)","(0.03828, -0.936921, -0.34744)","(0.11941, -0.832167, -0.541517)",
8.805042,"(-0.105824, -0.062934, -0.008727)","(0.15962, 0.969898, 0.183902)","(-0.622468, -0.735537, -0.267429)","(-0.285949, -0.698627, 0.655861)","(-0.317486, -0.310917, 0.895842)","(-0.971579, 0.231656, 0.048689)","(-0.026012, -0.950943, 0.308269)","(0.122067, -0.886283, 0.446768)","(0.013758, -0.931806, -0.362696)","(0.18003, -0.828161, -0.530791)",
8.839244,"(-0.091639, -0.074032, -0.009982)","(0.171385, 0.963828, 0.204113)","(-0.635372, -0.742777, -0.211151)","(-0.090754, -0.7414, 0.664898)","(-0.190074, -0.269333, 0.944104)","(-0.96889, 0.204111, 0.139971)","(-0.009068, -0.935211, 0.353975)","(0.08897, -0.887358, 0.452416)","(-0.015993, -0.916642, -0.39939)","(0.223773, -0.815829, -0.533244)",
8.870649,"(-0.075963, -0.090816, -0.010825)","(0.181382, 0.958404, 0.220367)","(-0.640774, -0.753366, -0.147814)","(0.115732, -0.767009, 0.631113)","(-0.061405, -0.174603, 0.982722)","(-0.954283, 0.183139, 0.23623)","(0.011172, -0.91329, 0.407156)","(0.051022, -0.882863, 0.46685)","(-0.060624, -0.892741, -0.446474)","(0.26143, -0.79672, -0.544878)",
8.904594,"(-0.058771, -0.110561, -0.01178)","(0.189422, 0.953805, 0.233186)","(-0.63521, -0.770227, -0.057086)","(0.300439, -0.788148, 0.537177)","(0.067791, -0.029817, 0.997254)","(-0.919063, 0.169628, 0.355737)","(0.031194, -0.888135, 0.458523)","(0.010359, -0.874246, 0.485373)","(-0.117122, -0.864079, -0.489541)","(0.294482, -0.775631, -0.55828)",
8.9378,"(-0.042123, -0.127303, -0.012187)","(0.194896, 0.950441, 0.242234)","(-0.611043, -0.789605, 0.056126)","(0.431836, -0.808036, 0.400744)","(0.175729, 0.130655, 0.97573)","(-0.855944, 0.163239, 0.490626)","(0.044561, -0.867805, 0.494902)","(-0.025607, -0.866316, 0.49884)","(-0.170356, -0.837958, -0.518465)","(0.317337, -0.760397, -0.566651)",
8.971387,"(-0.02421, -0.139945, -0.01245)","(0.198582, 0.947873, 0.249204)","(-0.557419, -0.812116, 0.172485)","(0.500733, -0.841459, 0.203009)","(0.264112, 0.305076, 0.914972)","(-0.745236, 0.156505, 0.648174)","(0.047837, -0.853353, 0.519135)","(-0.059286, -0.860406, 0.506149)","(-0.219566, -0.815445, -0.535574)","(0.329164, -0.753849, -0.568651)",
9.004297,"(-0.005832, -0.146118, -0.012601)","(0.200257, 0.94622, 0.254097)","(-0.472266, -0.831163, 0.293485)","(0.507771, -0.861427, -0.01059)","(0.322256, 0.463532, 0.825402)","(-0.588296, 0.125189, 0.798896)","(0.037391, -0.847447, 0.529562)","(-0.091408, -0.8561, 0.508663)","(-0.259426, -0.799099, -0.542346)","(0.322222, -0.756215, -0.569485)",
9.037559,"(0.012316, -0.145253, -0.01258)","(0.19993, 0.945478, 0.257099)","(-0.365739, -0.834088, 0.412956)","(0.470311, -0.854732, -0.219639)","(0.358462, 0.575899, 0.734742)","(-0.405564, 0.045849, 0.912916)","(0.015773, -0.8484, 0.529121)","(-0.119302, -0.855365, 0.504101)","(-0.283854, -0.790593, -0.542577)","(0.300861, -0.767815, -0.565635)",
9.071944,"(0.031119, -0.137136, -0.012401)","(0.197485, 0.945591, 0.258567)","(-0.260003, -0.817888, 0.513282)","(0.418789, -0.806921, -0.416527)","(0.406717, 0.628891, 0.662629)","(-0.201233, -0.100033, 0.974422)","(-0.008922, -0.850236, 0.526326)","(-0.140416, -0.861543, 0.487881)","(-0.270807, -0.789797, -0.550349)","(0.270892, -0.790223, -0.549695)",
9.104292,"(0.048936, -0.122786, -0.012052)","(0.193027, 0.946516, 0.258548)","(-0.165839, -0.796837, 0.580989)","(0.369218, -0.736731, -0.566486)","(0.465843, 0.631566, 0.619771)","(0.000357, -0.282064, 0.959396)","(-0.036474, -0.853367, 0.520033)","(-0.150116, -0.87497, 0.460318)","(-0.22432, -0.798567, -0.558544)","(0.238709, -0.819545, -0.520926)",
9.138402,"(0.065292, -0.105318, -0.011559)","(0.186851, 0.948125, 0.257188)","(-0.085291, -0.775124, 0.626026)","(0.32726, -0.671715, -0.664605)","(0.531544, 0.606046, 0.591751)","(0.186019, -0.443061, 0.87698)","(-0.068225, -0.858132, 0.508876)","(-0.150272, -0.892689, 0.424883)","(-0.163896, -0.814399, -0.55668)","(0.204201, -0.851096, -0.48367)",
9.172518,"(0.08231, -0.085599, -0.010632)","(0.177898, 0.950704, 0.253995)","(-0.000701, -0.745091, 0.666962)","(0.290447, -0.610145, -0.737132)","(0.603186, 0.57209, 0.555769)","(0.374915, -0.555854, 0.741933)","(-0.105505, -0.862655, 0.494666)","(-0.143999, -0.913915, 0.379505)","(-0.090806, -0.834342, -0.543716)","(0.16308, -0.88474, -0.436623)",
9.205097,"(0.096769, -0.070946, -0.009773)","(0.167833, 0.953765, 0.249329)","(0.075344, -0.708653, 0.701523)","(0.266628, -0.556287, -0.787054)","(0.661005, 0.550669, 0.509741)","(0.527019, -0.587836, 0.613759)","(-0.136733, -0.861728, 0.4886)","(-0.135989, -0.9304, 0.340387)","(-0.020606, -0.850537, -0.525512)","(0.12611, -0.909538, -0.396026)",
9.238644,"(0.11102, -0.061012, -0.008313)","(0.15497, 0.95779, 0.242123)","(0.16024, -0.661218, 0.732881)","(0.250969, -0.495071, -0.831817)","(0.710918, 0.542593, 0.447426)","(0.667594, -0.557582, 0.493377)","(-0.164767, -0.855124, 0.491543)","(-0.129035, -0.942479, 0.308354)","(0.063151, -0.860777, -0.50505)","(0.090413, -0.926851, -0.36438)",
9.271485,"(0.12338, -0.058177, -0.006612)","(0.140711, 0.962315, 0.232704)","(0.239206, -0.602011, 0.761816)","(0.247732, -0.435547, -0.865406)","(0.747533, 0.547721, 0.37576)","(0.775571, -0.484315, 0.404882)","(-0.191764, -0.842842, 0.502835)","(-0.124188, -0.947229, 0.295523)","(0.134556, -0.85986, -0.492479)","(0.067791, -0.933057, -0.353283)",
9.304918,"(0.13461, -0.062052, -0.004372)","(0.124153, 0.96758, 0.219942)","(0.325328, -0.534378, 0.780129)","(0.25989, -0.378327, -0.88844)","(0.771474, 0.561403, 0.299423)","(0.854914, -0.38701, 0.345465)","(-0.230706, -0.820072, 0.523695)","(-0.115757, -0.945143, 0.305457)","(0.197751, -0.85146, -0.485706)","(0.055493, -0.928656, -0.366767)",
9.338107,"(0.144101, -0.072337, -0.00161)","(0.106173, 0.973249, 0.203748)","(0.411084, -0.457328, 0.788582)","(0.287008, -0.329028, -0.899648)","(0.785469, 0.576768, 0.224448)","(0.902339, -0.288146, 0.320557)","(-0.281802, -0.788351, 0.546892)","(-0.099034, -0.937087, 0.334756)","(0.265534, -0.837775, -0.477101)","(0.04265, -0.913212, -0.405247)",
9.371995,"(0.152405, -0.088715, 0.00199)","(0.085498, 0.979618, 0.181765)","(0.502494, -0.365086, 0.783717)","(0.330119, -0.288065, -0.898911)","(0.792635, 0.590904, 0.150207)","(0.925352, -0.192302, 0.326717)","(-0.345417, -0.74827, 0.566374)","(-0.06406, -0.924599, 0.375516)","(0.344182, -0.818464, -0.46006)","(0.016834, -0.886197, -0.463003)",
9.404252,"(0.158366, -0.105781, 0.005779)","(0.065452, 0.985519, 0.156427)","(0.580974, -0.279284, 0.764506)","(0.378869, -0.258651, -0.888571)","(0.795811, 0.599879, 0.08264)","(0.931453, -0.107632, 0.34758)","(-0.405271, -0.709559, 0.576439)","(-0.01292, -0.912683, 0.408464)","(0.413141, -0.800137, -0.434851)","(-0.025396, -0.855914, -0.516495)",
9.438107,"(0.163153, -0.122911, 0.009871)","(0.04251, 0.991664, 0.121638)","(0.65711, -0.197107, 0.727568)","(0.436286, -0.240581, -0.86705)","(0.797829, 0.602852, 0.006215)","(0.92647, -0.019879, 0.375843)","(-0.463483, -0.669603, 0.580359)","(0.056084, -0.902354, 0.427332)","(0.475785, -0.784356, -0.398013)","(-0.086079, -0.823118, -0.561308)",
9.47065,"(0.166214, -0.1353, 0.012906)","(0.018473, 0.996811, 0.077636)","(0.722075, -0.139177, 0.677671)","(0.493173, -0.246864, -0.834169)","(0.802531, 0.592336, -0.071285)","(0.911862, 0.054072, 0.40692)","(-0.507093, -0.636013, 0.581674)","(0.122271, -0.895915, 0.427068)","(0.51877, -0.776554, -0.357548)","(-0.142455, -0.797561, -0.586177)",
9.505701,"(0.167499, -0.140983, 0.014208)","(-0.00567, 0.999592, 0.027989)","(0.775026, -0.112388, 0.621855)","(0.545737, -0.276236, -0.791116)","(0.810645, 0.568539, -0.140066)","(0.890585, 0.108462, 0.441695)","(-0.533038, -0.609885, 0.58644)","(0.168362, -0.893789, 0.415687)","(0.542546, -0.779991, -0.311862)","(-0.172448, -0.783679, -0.596749)",
9.538601,"(0.167101, -0.140047, 0.014)","(-0.028948, 0.999488, -0.01361)","(0.816876, -0.115, 0.565234)","(0.588261, -0.324565, -0.74068)","(0.823874, 0.533426, -0.191543)","(0.867691, 0.136138, 0.478099)","(-0.527141, -0.620091, 0.581042)","(0.186783, -0.892107, 0.411408)","(0.53171, -0.774514, -0.342655)","(-0.191649, -0.787542, -0.585703)",
9.571698,"(0.164771, -0.131985, 0.012038)","(-0.053905, 0.997895, -0.036053)","(0.851457, -0.143315, 0.504463)","(0.621238, -0.396646, -0.675822)","(0.846418, 0.484036, -0.222004)","(0.844639, 0.130001, 0.519312)","(-0.493978, -0.656329, 0.570278)","(0.183473, -0.89372, 0.409392)","(0.488598, -0.768553, -0.413036)","(-0.193634, -0.806458, -0.558687)",
9.604598,"(0.160781, -0.118758, 0.008774)","(-0.076266, 0.996543, -0.032933)","(0.877498, -0.193765, 0.438694)","(0.641645, -0.469155, -0.606783)","(0.875186, 0.428384, -0.224804)","(0.824869, 0.091067, 0.557941)","(-0.44741, -0.695884, 0.561756)","(0.163753, -0.900359, 0.403161)","(0.422306, -0.773166, -0.473152)","(-0.171803, -0.83271, -0.526382)",
9.637759,"(0.154927, -0.101702, 0.004753)","(-0.098171, 0.99515, -0.006193)","(0.887417, -0.253522, 0.38499)","(0.653359, -0.541277, -0.529284)","(0.909576, 0.362862, -0.202494)","(0.804169, 0.024145, 0.59391)","(-0.387605, -0.739222, 0.550739)","(0.132625, -0.911023, 0.390447)","(0.329009, -0.786198, -0.523112)","(-0.133838, -0.864124, -0.485156)",
9.672318,"(0.147164, -0.084042, 0.000868)","(-0.119117, 0.992172, 0.037508)","(0.873326, -0.321181, 0.366258)","(0.65965, -0.602466, -0.449329)","(0.942966, 0.293162, -0.157708)","(0.776619, -0.061663, 0.626945)","(-0.321887, -0.782161, 0.533492)","(0.099752, -0.923368, 0.370732)","(0.2206, -0.803955, -0.55226)","(-0.09084, -0.894831, -0.437065)",
9.705329,"(0.136716, -0.068521, -0.002663)","(-0.140066, 0.986347, 0.086611)","(0.830295, -0.394616, 0.393559)","(0.668324, -0.647306, -0.366522)","(0.970903, 0.223143, -0.086916)","(0.732099, -0.158373, 0.662532)","(-0.256538, -0.823711, 0.505657)","(0.072032, -0.934459, 0.348709)","(0.100038, -0.821934, -0.560729)","(-0.049067, -0.92052, -0.387602)",
9.738815,"(0.12568, -0.060299, -0.005213)","(-0.157075, 0.979827, 0.123557)","(0.76846, -0.455381, 0.449553)","(0.682112, -0.667954, -0.297591)","(0.985007, 0.172075, -0.012274)","(0.678645, -0.231867, 0.696907)","(-0.211381, -0.85619, 0.471442)","(0.057736, -0.939221, 0.338424)","(-0.002721, -0.831229, -0.555924)","(-0.018622, -0.933595, -0.357847)",
9.772085,"(0.112838, -0.058255, -0.007174)","(-0.172735, 0.972856, 0.153992)","(0.678788, -0.516794, 0.5217)","(0.701193, -0.674194, -0.231931)","(0.988238, 0.139341, 0.063)","(0.615207, -0.281686, 0.736324)","(-0.175842, -0.88111, 0.439003)","(0.050746, -0.937332, 0.344724)","(-0.080419, -0.832135, -0.548712)","(0.005371, -0.937936, -0.346768)",
9.805395,"(0.098622, -0.063063, -0.009011)","(-0.186513, 0.966173, 0.178106)","(0.557193, -0.583398, 0.590917)","(0.722093, -0.670195, -0.171523)","(0.983074, 0.135395, 0.123422)","(0.548775, -0.296014, 0.781807)","(-0.138888, -0.892971, 0.42815)","(0.041949, -0.927394, 0.371727)","(-0.129719, -0.825893, -0.548701)","(0.029497, -0.934166, -0.355617)",
9.837722,"(0.083472, -0.074313, -0.010036)","(-0.198228, 0.960159, 0.196978)","(0.402673, -0.655598, 0.638785)","(0.742643, -0.659363, -0.11714)","(0.973081, 0.163069, 0.162857)","(0.483202, -0.27047, 0.832684)","(-0.096579, -0.896969, 0.431415)","(0.025914, -0.910588, 0.412502)","(-0.17116, -0.811447, -0.558801)","(0.061671, -0.921237, -0.384083)",
9.870924,"(0.066895, -0.091647, -0.011271)","(-0.208263, 0.954762, 0.212265)","(0.21178, -0.73287, 0.646569)","(0.762844, -0.643379, -0.064288)","(0.956428, 0.21783, 0.194411)","(0.415218, -0.205304, 0.886253)","(-0.049134, -0.895043, 0.443266)","(0.002709, -0.887365, 0.46106)","(-0.21256, -0.789857, -0.575277)","(0.106572, -0.899017, -0.424748)",
9.905202,"(0.051161, -0.109796, -0.01188)","(-0.215612, 0.950619, 0.223237)","(0.021041, -0.7986, 0.601495)","(0.774071, -0.633057, -0.007229)","(0.92856, 0.274462, 0.249894)","(0.343287, -0.109884, 0.932781)","(-0.005771, -0.890203, 0.455528)","(-0.021552, -0.865183, 0.500993)","(-0.247926, -0.768494, -0.589872)","(0.152676, -0.873472, -0.462317)",
9.937518,"(0.033871, -0.127965, -0.01239)","(-0.221498, 0.947082, 0.232325)","(-0.183147, -0.862625, 0.471524)","(0.766882, -0.637982, 0.069786)","(0.872513, 0.324976, 0.364844)","(0.256733, 0.029108, 0.966044)","(0.036136, -0.884419, 0.465293)","(-0.043167, -0.844604, 0.533649)","(-0.278525, -0.75029, -0.599573)","(0.198258, -0.845561, -0.495702)",
9.971263,"(0.017515, -0.140386, -0.012686)","(-0.225074, 0.944658, 0.23867)","(-0.353418, -0.898894, 0.25901)","(0.72969, -0.669971, 0.136716)","(0.776953, 0.32767, 0.537565)","(0.178032, 0.191891, 0.965134)","(0.068236, -0.880954, 0.468256)","(-0.051564, -0.831688, 0.552844)","(-0.294013, -0.742831, -0.601465)","(0.232186, -0.823978, -0.516865)",
10.00485,"(0.001687, -0.145679, -0.012844)","(-0.22651, 0.943207, 0.243008)","(-0.470211, -0.882523, -0.007379)","(0.655724, -0.72128, 0.223116)","(0.617965, 0.239797, 0.748744)","(0.111012, 0.359224, 0.926625)","(0.094903, -0.878461, 0.468294)","(-0.042736, -0.826489, 0.561328)","(-0.287485, -0.745016, -0.601917)","(0.26, -0.809734, -0.526053)",
